L 100.2764, -72.7641, -11.8307,  89.4950, -84.9561, -11.9078,  240, 0, 0
L 106.7293, -65.4665, -11.7858,  100.2764, -72.7641, -11.8307,  240, 0, 0
L 113.0943, -58.0925, -11.7763,  106.7293, -65.4665, -11.7858,  240, 0, 0
L 119.3416, -50.6681, -11.7986,  113.0943, -58.0925, -11.7763,  240, 0, 0
L 125.6430, -43.2731, -11.8026,  119.3416, -50.6681, -11.7986,  240, 0, 0
L 132.3944, -35.2393, -11.8313,  125.6430, -43.2731, -11.8026,  240, 0, 0
L 140.0838, -26.0252, -11.8713,  132.3944, -35.2393, -11.8313,  240, 0, 0
L 146.3476, -18.5813, -11.8937,  140.0838, -26.0252, -11.8713,  240, 0, 0
L 152.6554, -11.2083, -11.8922,  146.3476, -18.5813, -11.8937,  240, 0, 0
L 159.0155, -3.8963, -11.8672,  152.6554, -11.2083, -11.8922,  240, 0, 0
L 160.3275, -2.4488, -11.8533,  159.0155, -3.8963, -11.8672,  240, 0, 0
L 152.6028, 0.4782, -11.8548,  160.3275, -2.4488, -11.8533,  240, 0, 0
L 143.3872, 3.6681, -11.7588,  152.6028, 0.4782, -11.8548,  240, 0, 0
L 141.2026, 4.4478, -11.7337,  143.3872, 3.6681, -11.7588,  240, 0, 0
L 139.3910, 4.9955, -11.7754,  141.2026, 4.4478, -11.7337,  240, 0, 0
L 137.6169, 5.0873, -12.2528,  139.3910, 4.9955, -11.7754,  240, 0, 0
L 138.4153, 3.2618, -13.1649,  137.6169, 5.0873, -12.2528,  240, 0, 0
L 138.9318, 1.4889, -13.8515,  138.4153, 3.2618, -13.1649,  240, 0, 0
L 133.4606, -2.1771, -13.8686,  138.9318, 1.4889, -13.8515,  240, 0, 0
L 125.1005, -7.3753, -13.8424,  133.4606, -2.1771, -13.8686,  240, 0, 0
L 123.5215, -8.3020, -13.9036,  125.1005, -7.3753, -13.8424,  240, 0, 0
L 122.0422, -9.3480, -13.7770,  123.5215, -8.3020, -13.9036,  240, 0, 0
L 121.8196, -10.9843, -13.8121,  122.0422, -9.3480, -13.7770,  240, 0, 0
L 122.3277, -12.8870, -13.8121,  121.8196, -10.9843, -13.8121,  240, 0, 0
L 119.9736, -11.6484, -13.8121,  122.3277, -12.8870, -13.8121,  240, 0, 0
L 118.5067, -10.8022, -13.8121,  119.9736, -11.6484, -13.8121,  240, 0, 0
L 113.9356, -2.7294, -13.8256,  118.5067, -10.8022, -13.8121,  240, 0, 0
L 105.8964, 11.6656, -13.8278,  113.9356, -2.7294, -13.8256,  240, 0, 0
L 105.1606, 12.9882, -13.8060,  105.8964, 11.6656, -13.8278,  240, 0, 0
L 104.4055, 14.7682, -12.6423,  105.1606, 12.9882, -13.8060,  240, 0, 0
L 106.1767, 15.3317, -12.1658,  104.4055, 14.7682, -12.6423,  240, 0, 0
L 97.5118, 16.3642, -12.1809,  106.1767, 15.3317, -12.1658,  240, 0, 0
L 94.0247, 16.9406, -12.0523,  97.5118, 16.3642, -12.1809,  240, 0, 0
L 91.7891, 17.4257, -11.8801,  94.0247, 16.9406, -12.0523,  240, 0, 0
L 89.8898, 17.9341, -11.6849,  91.7891, 17.4257, -11.8801,  240, 0, 0
L 87.9595, 17.7099, -11.6957,  89.8898, 17.9341, -11.6849,  240, 0, 0
L 43.1237, 4.1510, -11.7194,  87.9595, 17.7099, -11.6957,  240, 0, 0
L 33.7773, 1.3161, -11.7226,  43.1237, 4.1510, -11.7194,  240, 0, 0
L 24.5001, -1.3955, -11.6410,  33.7773, 1.3161, -11.7226,  240, 0, 0
L 22.8260, -1.8517, -11.6097,  24.5001, -1.3955, -11.6410,  240, 0, 0
L 39.7024, -23.4765, -11.9926,  22.8260, -1.8517, -11.6097,  240, 0, 0
L 45.6531, -31.1064, -12.0192,  39.7024, -23.4765, -11.9926,  240, 0, 0
L 46.8262, -32.6509, -12.0142,  45.6531, -31.1064, -12.0192,  240, 0, 0
L 47.8611, -34.1208, -11.9890,  46.8262, -32.6509, -12.0142,  240, 0, 0
L 53.1414, -40.7979, -12.0231,  47.8611, -34.1208, -11.9890,  240, 0, 0
L 59.4583, -48.5065, -12.0350,  53.1414, -40.7979, -12.0231,  240, 0, 0
L 89.1586, -85.5976, -11.8616,  59.4583, -48.5065, -12.0350,  240, 0, 0
L -513.2355, -779.1958, 185.1108,  -510.6646, -780.0540, 185.2095,  240, 127, 0
L -502.5594, -782.7275, 185.1053,  -503.8277, -782.2963, 185.1725,  240, 127, 0
L -493.4460, -778.6332, 184.4233,  -502.5594, -782.7275, 185.1053,  240, 127, 0
L -491.7963, -777.8596, 184.2892,  -493.4460, -778.6332, 184.4233,  240, 127, 0
L -488.3349, -768.4443, 183.4259,  -491.7963, -777.8596, 184.2892,  240, 127, 0
L -487.6917, -766.7023, 183.2540,  -488.3349, -768.4443, 183.4259,  240, 127, 0
L -491.9210, -757.7960, 182.7372,  -487.6917, -766.7023, 183.2540,  240, 127, 0
L -492.7103, -756.1447, 182.6372,  -491.9210, -757.7960, 182.7372,  240, 127, 0
L -501.3788, -752.9355, 182.7448,  -492.7103, -756.1447, 182.6372,  240, 127, 0
L -503.0914, -752.3788, 182.7676,  -501.3788, -752.9355, 182.7448,  240, 127, 0
L -504.9283, -752.0806, 182.8288,  -503.0914, -752.3788, 182.7676,  240, 127, 0
L -513.5860, -756.6574, 183.3556,  -504.9283, -752.0806, 182.8288,  240, 127, 0
L -515.2098, -757.4739, 183.3540,  -513.5860, -756.6574, 183.3556,  240, 127, 0
L -518.1761, -767.0092, 184.0801,  -515.2098, -757.4739, 183.3540,  240, 127, 0
L -518.7276, -768.8033, 184.1855,  -518.1761, -767.0092, 184.0801,  240, 127, 0
L -514.1065, -777.5674, 184.9847,  -518.7276, -768.8033, 184.1855,  240, 127, 0
L -513.2336, -779.1995, 185.1124,  -514.1065, -777.5674, 184.9847,  240, 127, 0
L -548.3784, -803.2880, 186.2747,  -546.3777, -802.0477, 186.2410,  240, 127, 0
L -539.1220, -797.3818, 186.0202,  -539.6948, -797.7323, 186.0912,  240, 127, 0
L -538.3059, -795.5822, 185.8911,  -539.1220, -797.3818, 186.0202,  240, 127, 0
L -537.8232, -793.5647, 185.7420,  -538.3059, -795.5822, 185.8911,  240, 127, 0
L -537.3684, -791.6631, 185.6020,  -537.8232, -793.5647, 185.7420,  240, 127, 0
L -536.8743, -789.5948, 185.4510,  -537.3684, -791.6631, 185.6020,  240, 127, 0
L -536.4267, -787.7205, 185.3157,  -536.8743, -789.5948, 185.4510,  240, 127, 0
L -535.9684, -785.8600, 185.1450,  -536.4267, -787.7205, 185.3157,  240, 127, 0
L -540.2024, -778.7740, 184.5416,  -535.9684, -785.8600, 185.1450,  240, 127, 0
L -541.2153, -777.1178, 184.3942,  -540.2024, -778.7740, 184.5416,  240, 127, 0
L -542.2913, -775.4385, 184.0390,  -541.2153, -777.1178, 184.3942,  240, 127, 0
L -552.1514, -773.2181, 183.6867,  -542.2913, -775.4385, 184.0390,  240, 127, 0
L -553.6528, -772.8725, 183.6244,  -552.1514, -773.2181, 183.6867,  240, 127, 0
L -561.5623, -777.7866, 183.8681,  -553.6528, -772.8725, 183.6244,  240, 127, 0
L -562.7938, -778.6056, 183.9102,  -561.5623, -777.7866, 183.8681,  240, 127, 0
L -564.2493, -779.7392, 184.0055,  -562.7938, -778.6056, 183.9102,  240, 127, 0
L -564.5623, -781.4551, 184.1390,  -564.2493, -779.7392, 184.0055,  240, 127, 0
L -564.8775, -783.1716, 184.2662,  -564.5623, -781.4551, 184.1390,  240, 127, 0
L -565.2894, -785.4057, 184.4268,  -564.8775, -783.1716, 184.2662,  240, 127, 0
L -565.6028, -787.1093, 184.5513,  -565.2894, -785.4057, 184.4268,  240, 127, 0
L -566.0019, -789.2729, 184.7082,  -565.6028, -787.1093, 184.5513,  240, 127, 0
L -566.3707, -791.1824, 184.8132,  -566.0019, -789.2729, 184.7082,  240, 127, 0
L -561.1450, -798.9904, 185.5730,  -566.3707, -791.1824, 184.8132,  240, 127, 0
L -560.0904, -800.5475, 185.6754,  -561.1450, -798.9904, 185.5730,  240, 127, 0
L -558.3369, -801.3603, 185.7869,  -560.0904, -800.5475, 185.6754,  240, 127, 0
L -548.6812, -803.1646, 186.3164,  -558.3369, -801.3603, 185.7869,  240, 127, 0
L -1108.5691, -1058.3983, -10.8209,  -1075.4874, -1064.9427, -11.8555,  240, 0, 0
L -1110.4910, -1058.0170, -10.7596,  -1108.5691, -1058.3983, -10.8209,  240, 0, 0
L -1116.4503, -1063.5221, -10.9942,  -1110.4910, -1058.0170, -10.7596,  240, 0, 0
L -1123.4747, -1070.2792, -10.6521,  -1116.4503, -1063.5221, -10.9942,  240, 0, 0
L -1130.4414, -1077.0778, -10.4788,  -1123.4747, -1070.2792, -10.6521,  240, 0, 0
L -1137.5673, -1084.3137, -10.8371,  -1130.4414, -1077.0778, -10.4788,  240, 0, 0
L -1144.3920, -1091.3083, -11.2726,  -1137.5673, -1084.3137, -10.8371,  240, 0, 0
L -1153.8201, -1101.1189, -12.2275,  -1144.3920, -1091.3083, -11.2726,  240, 0, 0
L -1155.1621, -1102.5287, -11.7004,  -1153.8201, -1101.1189, -12.2275,  240, 0, 0
L -1155.5553, -1104.4139, -11.6690,  -1155.1621, -1102.5287, -11.7004,  240, 0, 0
L -1155.8661, -1106.3429, -11.6429,  -1155.5553, -1104.4139, -11.6690,  240, 0, 0
L -1156.3070, -1109.0789, -11.6066,  -1155.8661, -1106.3429, -11.6429,  240, 0, 0
L -1156.6216, -1111.0201, -11.5757,  -1156.3070, -1109.0789, -11.6066,  240, 0, 0
L -1157.0790, -1113.7014, -11.4883,  -1156.6216, -1111.0201, -11.5757,  240, 0, 0
L -1157.4111, -1115.6138, -11.4193,  -1157.0790, -1113.7014, -11.4883,  240, 0, 0
L -1157.8810, -1118.3187, -11.3223,  -1157.4111, -1115.6138, -11.4193,  240, 0, 0
L -1158.2131, -1120.2311, -11.2538,  -1157.8810, -1118.3187, -11.3223,  240, 0, 0
L -1158.6808, -1122.9236, -11.1578,  -1158.2131, -1120.2311, -11.2538,  240, 0, 0
L -1159.0129, -1124.8359, -11.0886,  -1158.6808, -1122.9236, -11.1578,  240, 0, 0
L -1159.4750, -1127.5293, -11.0095,  -1159.0129, -1124.8359, -11.0886,  240, 0, 0
L -1159.7780, -1129.4724, -11.0125,  -1159.4750, -1127.5293, -11.0095,  240, 0, 0
L -1160.2339, -1132.5417, -11.0421,  -1159.7780, -1129.4724, -11.0125,  240, 0, 0
L -1160.5208, -1134.4744, -11.0608,  -1160.2339, -1132.5417, -11.0421,  240, 0, 0
L -1160.9784, -1137.5564, -11.0903,  -1160.5208, -1134.4744, -11.0608,  240, 0, 0
L -1161.2653, -1139.4890, -11.1090,  -1160.9784, -1137.5564, -11.0903,  240, 0, 0
L -1161.7229, -1142.5710, -11.1383,  -1161.2653, -1139.4890, -11.1090,  240, 0, 0
L -1162.0099, -1144.5037, -11.1568,  -1161.7229, -1142.5710, -11.1383,  240, 0, 0
L -1162.4619, -1147.5476, -11.1858,  -1162.0099, -1144.5037, -11.1568,  240, 0, 0
L -1162.7507, -1149.4921, -11.2046,  -1162.4619, -1147.5476, -11.1858,  240, 0, 0
L -1163.2029, -1152.5366, -11.2332,  -1162.7507, -1149.4921, -11.2046,  240, 0, 0
L -1163.4600, -1154.2661, -11.2467,  -1163.2029, -1152.5366, -11.2332,  240, 0, 0
L -1161.3755, -1154.3470, -11.2098,  -1163.4600, -1154.2661, -11.2467,  240, 0, 0
L -1159.4487, -1154.4006, -10.7921,  -1161.3755, -1154.3470, -11.2098,  240, 0, 0
L -1139.5897, -1152.0925, -10.5179,  -1159.4487, -1154.4006, -10.7921,  240, 0, 0
L -1129.9246, -1150.9045, -10.5082,  -1139.5897, -1152.0925, -10.5179,  240, 0, 0
L -1114.9427, -1148.8347, -10.9074,  -1129.9246, -1150.9045, -10.5082,  240, 0, 0
L -1113.0646, -1148.5566, -10.9848,  -1114.9427, -1148.8347, -10.9074,  240, 0, 0
L -1111.3196, -1147.8077, -12.0071,  -1113.0646, -1148.5566, -10.9848,  240, 0, 0
L -1109.7731, -1146.5703, -11.0505,  -1111.3196, -1147.8077, -12.0071,  240, 0, 0
L -1095.4208, -1128.6879, -11.0613,  -1109.7731, -1146.5703, -11.0505,  240, 0, 0
L -1089.3577, -1121.1031, -11.0885,  -1095.4208, -1128.6879, -11.0613,  240, 0, 0
L -1083.3756, -1113.4386, -11.4281,  -1089.3577, -1121.1031, -11.0885,  240, 0, 0
L -1077.3580, -1105.8461, -11.5463,  -1083.3756, -1113.4386, -11.4281,  240, 0, 0
L -1076.2020, -1104.4015, -11.5472,  -1077.3580, -1105.8461, -11.5463,  240, 0, 0
L -1075.1321, -1102.8776, -11.9825,  -1076.2020, -1104.4015, -11.5472,  240, 0, 0
L -1074.2813, -1101.2637, -11.4583,  -1075.1321, -1102.8776, -11.9825,  240, 0, 0
L -1073.8029, -1067.5609, -11.1596,  -1074.2813, -1101.2637, -11.4583,  240, 0, 0
L -1073.7798, -1065.5980, -11.1540,  -1073.8029, -1067.5609, -11.1596,  240, 0, 0
L -1078.2407, -1064.6238, -12.1770,  -1073.7798, -1065.5980, -11.1540,  240, 0, 0
L -1107.4636, -1059.2780, -12.0629,  -1078.2407, -1064.6238, -12.1770,  240, 0, 0
L -510.8887, -141.1745, -11.7760,  -511.1479, -141.8997, -11.6284,  240, 0, 0
L -510.2474, -139.3802, -11.8084,  -510.8887, -141.1745, -11.7760,  240, 0, 0
L -506.3912, -129.6962, -11.8329,  -510.2474, -139.3802, -11.8084,  240, 0, 0
L -502.7864, -120.6788, -11.8492,  -506.3912, -129.6962, -11.8329,  240, 0, 0
L -499.0983, -111.5804, -11.8411,  -502.7864, -120.6788, -11.8492,  240, 0, 0
L -498.3673, -109.8106, -11.8345,  -499.0983, -111.5804, -11.8411,  240, 0, 0
L -496.5141, -105.0861, -11.8625,  -498.3673, -109.8106, -11.8345,  240, 0, 0
L -495.8225, -103.2931, -11.8764,  -496.5141, -105.0861, -11.8625,  240, 0, 0
L -495.0816, -101.5721, -11.9090,  -495.8225, -103.2931, -11.8764,  240, 0, 0
L -484.6818, -84.5961, -11.9150,  -495.0816, -101.5721, -11.9090,  240, 0, 0
L -479.5946, -76.3346, -11.9110,  -484.6818, -84.5961, -11.9150,  240, 0, 0
L -477.8052, -73.3588, -11.9308,  -479.5946, -76.3346, -11.9110,  240, 0, 0
L -472.8372, -64.8427, -12.0467,  -477.8052, -73.3588, -11.9308,  240, 0, 0
L -471.8888, -63.1920, -12.0778,  -472.8372, -64.8427, -12.0467,  240, 0, 0
L -471.0671, -61.5946, -11.9014,  -471.8888, -63.1920, -12.0778,  240, 0, 0
L -475.4446, -60.4699, -11.9014,  -471.0671, -61.5946, -11.9014,  240, 0, 0
L -494.7178, -56.1427, -11.9009,  -475.4446, -60.4699, -11.9014,  240, 0, 0
L -504.2150, -53.9155, -11.8871,  -494.7178, -56.1427, -11.9009,  240, 0, 0
L -506.0977, -53.5053, -11.8911,  -504.2150, -53.9155, -11.8871,  240, 0, 0
L -508.0236, -53.2128, -11.9176,  -506.0977, -53.5053, -11.8911,  240, 0, 0
L -509.9265, -53.1972, -11.9839,  -508.0236, -53.2128, -11.9176,  240, 0, 0
L -511.8147, -53.6987, -11.9978,  -509.9265, -53.1972, -11.9839,  240, 0, 0
L -525.0882, -61.1693, -11.9799,  -511.8147, -53.6987, -11.9978,  240, 0, 0
L -533.5522, -65.9931, -11.9750,  -525.0882, -61.1693, -11.9799,  240, 0, 0
L -541.8516, -71.0460, -12.0157,  -533.5522, -65.9931, -11.9750,  240, 0, 0
L -550.1233, -76.1574, -12.0631,  -541.8516, -71.0460, -12.0157,  240, 0, 0
L -551.7404, -77.1265, -12.0683,  -550.1233, -76.1574, -12.0631,  240, 0, 0
L -552.8033, -78.7328, -12.2472,  -551.7404, -77.1265, -12.0683,  240, 0, 0
L -552.4299, -80.6888, -12.5043,  -552.8033, -78.7328, -12.2472,  240, 0, 0
L -551.8385, -82.4492, -12.8460,  -552.4299, -80.6888, -12.5043,  240, 0, 0
L -551.5410, -87.5530, -13.5894,  -551.8385, -82.4492, -12.8460,  240, 0, 0
L -551.3334, -89.2667, -13.9645,  -551.5410, -87.5530, -13.5894,  240, 0, 0
L -550.9271, -90.4160, -14.1740,  -551.3334, -89.2667, -13.9645,  240, 0, 0
L -550.4770, -91.6773, -14.2124,  -550.9271, -90.4160, -14.1740,  240, 0, 0
L -547.4381, -95.1090, -14.3529,  -550.4770, -91.6773, -14.2124,  240, 0, 0
L -546.5706, -96.1190, -14.3529,  -547.4381, -95.1090, -14.3529,  240, 0, 0
L -545.5547, -97.3640, -14.3529,  -546.5706, -96.1190, -14.3529,  240, 0, 0
L -544.7171, -98.6675, -14.3529,  -545.5547, -97.3640, -14.3529,  240, 0, 0
L -545.3989, -100.4883, -14.3529,  -544.7171, -98.6675, -14.3529,  240, 0, 0
L -544.3511, -101.9163, -14.0280,  -545.3989, -100.4883, -14.3529,  240, 0, 0
L -542.8508, -102.9952, -13.8227,  -544.3511, -101.9163, -14.0280,  240, 0, 0
L -542.1537, -104.6915, -13.8227,  -542.8508, -102.9952, -13.8227,  240, 0, 0
L -552.6409, -110.0682, -11.3303,  -542.1537, -104.6915, -13.8227,  240, 0, 0
L -551.0267, -109.2554, -11.9098,  -552.6409, -110.0682, -11.3303,  240, 0, 0
L -533.2585, -111.9395, -11.7649,  -551.0267, -109.2554, -11.9098,  240, 0, 0
L -523.6899, -113.4557, -11.7252,  -533.2585, -111.9395, -11.7649,  240, 0, 0
L -521.9869, -113.6707, -11.9460,  -523.6899, -113.4557, -11.7252,  240, 0, 0
L -510.9916, -141.1854, -11.8152,  -521.9869, -113.6707, -11.9460,  240, 0, 0
L 690.7577, 137.6371, -11.9475,  759.3051, 168.0229, -11.9006,  240, 0, 0
L 689.1622, 136.9298, -11.9205,  690.7577, 137.6371, -11.9475,  240, 0, 0
L 686.4167, 134.4259, -11.8822,  689.1622, 136.9298, -11.9205,  240, 0, 0
L 665.8541, 114.7383, -11.6254,  686.4167, 134.4259, -11.8822,  240, 0, 0
L 658.7827, 108.0023, -11.5216,  665.8541, 114.7383, -11.6254,  240, 0, 0
L 656.8430, 106.0972, -11.5301,  658.7827, 108.0023, -11.5216,  240, 0, 0
L 655.4940, 104.7025, -11.5668,  656.8430, 106.0972, -11.5301,  240, 0, 0
L 652.3337, 101.2622, -11.7379,  655.4940, 104.7025, -11.5668,  240, 0, 0
L 651.0326, 99.7761, -11.8452,  652.3337, 101.2622, -11.7379,  240, 0, 0
L 649.8077, 98.2841, -11.9937,  651.0326, 99.7761, -11.8452,  240, 0, 0
L 648.7770, 96.9108, -11.8588,  649.8077, 98.2841, -11.9937,  240, 0, 0
L 635.5266, 61.2556, -11.9539,  648.7770, 96.9108, -11.8588,  240, 0, 0
L 634.8505, 59.4367, -11.9587,  635.5266, 61.2556, -11.9539,  240, 0, 0
L 631.3649, 50.3135, -11.9346,  634.8505, 59.4367, -11.9587,  240, 0, 0
L 630.6576, 48.4790, -11.9272,  631.3649, 50.3135, -11.9346,  240, 0, 0
L 627.2190, 39.3245, -11.9365,  630.6576, 48.4790, -11.9272,  240, 0, 0
L 626.5487, 37.5057, -11.9457,  627.2190, 39.3245, -11.9365,  240, 0, 0
L 625.9075, 35.6975, -11.9681,  626.5487, 37.5057, -11.9457,  240, 0, 0
L 625.2688, 33.8401, -11.6568,  625.9075, 35.6975, -11.9681,  240, 0, 0
L 639.3300, 41.6917, -11.7291,  625.2688, 33.8401, -11.6568,  240, 0, 0
L 647.8629, 46.5248, -11.7719,  639.3300, 41.6917, -11.7291,  240, 0, 0
L 673.8131, 60.9170, -11.7124,  647.8629, 46.5248, -11.7719,  240, 0, 0
L 682.3490, 65.6132, -11.6693,  673.8131, 60.9170, -11.7124,  240, 0, 0
L 690.9565, 70.2039, -11.7174,  682.3490, 65.6132, -11.6693,  240, 0, 0
L 692.7099, 71.0654, -11.7828,  690.9565, 70.2039, -11.7174,  240, 0, 0
L 711.3560, 79.1230, -11.7667,  692.7099, 71.0654, -11.7828,  240, 0, 0
L 722.1078, 83.7266, -11.7398,  711.3560, 79.1230, -11.7667,  240, 0, 0
L 735.0198, 89.3846, -11.7956,  722.1078, 83.7266, -11.7398,  240, 0, 0
L 743.9456, 93.3857, -11.8957,  735.0198, 89.3846, -11.7956,  240, 0, 0
L 752.8002, 97.4840, -12.0852,  743.9456, 93.3857, -11.8957,  240, 0, 0
L 754.5856, 98.3552, -11.8267,  752.8002, 97.4840, -12.0852,  240, 0, 0
L 754.9218, 101.7866, -11.8323,  754.5856, 98.3552, -11.8267,  240, 0, 0
L 755.0425, 103.7491, -11.8353,  754.9218, 101.7866, -11.8323,  240, 0, 0
L 755.5259, 111.6121, -11.8472,  755.0425, 103.7491, -11.8353,  240, 0, 0
L 755.6474, 113.5874, -11.8502,  755.5259, 111.6121, -11.8472,  240, 0, 0
L 756.1245, 121.3482, -11.8621,  755.6474, 113.5874, -11.8502,  240, 0, 0
L 756.2421, 123.2596, -11.8650,  756.1245, 121.3482, -11.8621,  240, 0, 0
L 756.7247, 131.1098, -11.8773,  756.2421, 123.2596, -11.8650,  240, 0, 0
L 756.8446, 133.0596, -11.8809,  756.7247, 131.1098, -11.8773,  240, 0, 0
L 757.3252, 140.8715, -11.8950,  756.8446, 133.0596, -11.8809,  240, 0, 0
L 757.4488, 142.8339, -11.8972,  757.3252, 140.8715, -11.8950,  240, 0, 0
L 757.9333, 149.4554, -11.8860,  757.4488, 142.8339, -11.8972,  240, 0, 0
L 758.0763, 151.3909, -11.8826,  757.9333, 149.4554, -11.8860,  240, 0, 0
L 758.5625, 157.9738, -11.8709,  758.0763, 151.3909, -11.8826,  240, 0, 0
L 758.7074, 159.9347, -11.8674,  758.5625, 157.9738, -11.8709,  240, 0, 0
L 759.3051, 168.0229, -11.8569,  758.7074, 159.9347, -11.8674,  240, 0, 0
L 727.3903, 398.5640, -12.1908,  729.6751, 400.0506, -12.1038,  240, 0, 0
L 725.7861, 397.5202, -11.8828,  727.3903, 398.5640, -12.1908,  240, 0, 0
L 735.4901, 377.6488, -11.8595,  725.7861, 397.5202, -11.8828,  240, 0, 0
L 739.7666, 368.8968, -11.8521,  735.4901, 377.6488, -11.8595,  240, 0, 0
L 744.0880, 360.2244, -11.8879,  739.7666, 368.8968, -11.8521,  240, 0, 0
L 744.9592, 358.4500, -11.8900,  744.0880, 360.2244, -11.8879,  240, 0, 0
L 745.8496, 356.7080, -11.9169,  744.9592, 358.4500, -11.8900,  240, 0, 0
L 746.6896, 355.2033, -11.8254,  745.8496, 356.7080, -11.9169,  240, 0, 0
L 753.3134, 350.7874, -11.8177,  746.6896, 355.2033, -11.8254,  240, 0, 0
L 761.5347, 345.5833, -11.8606,  753.3134, 350.7874, -11.8177,  240, 0, 0
L 786.4192, 329.4579, -11.8045,  761.5347, 345.5833, -11.8606,  240, 0, 0
L 787.9812, 328.4420, -11.7995,  786.4192, 329.4579, -11.8045,  240, 0, 0
L 789.7216, 329.1532, -11.4641,  787.9812, 328.4420, -11.7995,  240, 0, 0
L 790.5401, 330.9973, -11.3209,  789.7216, 329.1532, -11.4641,  240, 0, 0
L 791.2305, 332.5563, -11.2249,  790.5401, 330.9973, -11.3209,  240, 0, 0
L 799.9596, 355.1500, -11.3292,  791.2305, 332.5563, -11.2249,  240, 0, 0
L 810.7181, 383.0257, -11.4588,  799.9596, 355.1500, -11.3292,  240, 0, 0
L 811.4250, 384.8607, -11.4698,  810.7181, 383.0257, -11.4588,  240, 0, 0
L 813.1982, 389.5962, -11.5663,  811.4250, 384.8607, -11.4698,  240, 0, 0
L 813.8630, 391.4059, -11.6250,  813.1982, 389.5962, -11.5663,  240, 0, 0
L 814.9042, 394.3792, -11.7768,  813.8630, 391.4059, -11.6250,  240, 0, 0
L 815.5204, 396.1696, -11.8782,  814.9042, 394.3792, -11.7768,  240, 0, 0
L 815.9290, 398.5610, -12.0407,  815.5204, 396.1696, -11.8782,  240, 0, 0
L 815.5820, 400.3107, -12.0837,  815.9290, 398.5610, -12.0407,  240, 0, 0
L 815.1216, 402.6274, -12.1368,  815.5820, 400.3107, -12.0837,  240, 0, 0
L 814.7383, 404.5559, -12.1807,  815.1216, 402.6274, -12.1368,  240, 0, 0
L 814.2830, 406.8476, -12.2339,  814.7383, 404.5559, -12.1807,  240, 0, 0
L 813.8995, 408.7760, -12.2781,  814.2830, 406.8476, -12.2339,  240, 0, 0
L 813.4427, 411.0412, -12.3432,  813.8995, 408.7760, -12.2781,  240, 0, 0
L 813.0279, 412.9370, -12.4421,  813.4427, 411.0412, -12.3432,  240, 0, 0
L 812.6040, 414.8308, -12.5445,  813.0279, 412.9370, -12.4421,  240, 0, 0
L 812.1978, 416.6882, -12.6263,  812.6040, 414.8308, -12.5445,  240, 0, 0
L 811.7180, 419.4052, -12.5906,  812.1978, 416.6882, -12.6263,  240, 0, 0
L 811.4286, 421.3586, -11.7594,  811.7180, 419.4052, -12.5906,  240, 0, 0
L 804.4470, 426.2786, -11.7130,  811.4286, 421.3586, -11.7594,  240, 0, 0
L 797.0213, 431.2952, -11.7489,  804.4470, 426.2786, -11.7130,  240, 0, 0
L 788.6542, 436.5256, -11.7499,  797.0213, 431.2952, -11.7489,  240, 0, 0
L 760.1862, 418.9866, -11.8510,  788.6542, 436.5256, -11.7499,  240, 0, 0
L 743.2698, 408.5636, -11.9269,  760.1862, 418.9866, -11.8510,  240, 0, 0
L 728.1881, 399.3752, -11.8972,  743.2698, 408.5636, -11.9269,  240, 0, 0
L 403.0890, 750.3984, -11.8886,  388.9481, 731.3317, -11.8092,  240, 0, 0
L 404.1711, 751.8574, -11.8913,  403.0890, 750.3984, -11.8886,  240, 0, 0
L 402.5373, 758.3952, -13.8253,  404.1711, 751.8574, -11.8913,  240, 0, 0
L 402.0415, 760.3748, -13.8263,  402.5373, 758.3952, -13.8253,  240, 0, 0
L 401.6544, 761.9193, -13.8271,  402.0415, 760.3748, -13.8263,  240, 0, 0
L 400.4508, 766.8473, -13.8268,  401.6544, 761.9193, -13.8271,  240, 0, 0
L 400.0053, 768.6904, -13.8264,  400.4508, 766.8473, -13.8268,  240, 0, 0
L 399.7568, 769.7184, -13.8261,  400.0053, 768.6904, -13.8264,  240, 0, 0
L 397.6123, 778.6339, -13.8241,  399.7568, 769.7184, -13.8261,  240, 0, 0
L 397.2085, 780.3175, -13.8237,  397.6123, 778.6339, -13.8241,  240, 0, 0
L 395.5502, 781.1957, -13.8233,  397.2085, 780.3175, -13.8237,  240, 0, 0
L 393.9746, 782.3258, -13.8233,  395.5502, 781.1957, -13.8233,  240, 0, 0
L 395.6808, 783.1367, -13.8233,  393.9746, 782.3258, -13.8233,  240, 0, 0
L 397.2446, 783.6881, -13.8233,  395.6808, 783.1367, -13.8233,  240, 0, 0
L 407.9000, 783.2502, -14.0004,  397.2446, 783.6881, -13.8233,  240, 0, 0
L 409.8736, 783.1675, -14.0268,  407.9000, 783.2502, -14.0004,  240, 0, 0
L 425.5961, 785.4257, -12.7070,  409.8736, 783.1675, -14.0268,  240, 0, 0
L 426.9122, 785.6259, -12.4985,  425.5961, 785.4257, -12.7070,  240, 0, 0
L 427.9373, 785.9874, -12.3793,  426.9122, 785.6259, -12.4985,  240, 0, 0
L 429.3751, 784.6057, -11.7221,  427.9373, 785.9874, -12.3793,  240, 0, 0
L 432.8278, 787.9750, -11.3901,  429.3751, 784.6057, -11.7221,  240, 0, 0
L 439.9224, 794.8352, -10.7477,  432.8278, 787.9750, -11.3901,  240, 0, 0
L 441.2380, 796.0878, -10.7045,  439.9224, 794.8352, -10.7477,  240, 0, 0
L 412.9027, 819.3468, -11.4022,  441.2380, 796.0878, -10.7045,  240, 0, 0
L 411.4244, 820.5602, -11.2297,  412.9027, 819.3468, -11.4022,  240, 0, 0
L 390.2921, 809.2666, -10.9703,  411.4244, 820.5602, -11.2297,  240, 0, 0
L 388.7026, 808.4171, -11.1406,  390.2921, 809.2666, -10.9703,  240, 0, 0
L 387.3308, 808.0384, -11.3426,  388.7026, 808.4171, -11.1406,  240, 0, 0
L 377.6877, 805.7402, -11.5633,  387.3308, 808.0384, -11.3426,  240, 0, 0
L 343.5318, 798.9258, -10.5892,  377.6877, 805.7402, -11.5633,  240, 0, 0
L 341.7865, 798.5787, -10.5709,  343.5318, 798.9258, -10.5892,  240, 0, 0
L 305.6490, 717.0502, -11.6153,  341.7865, 798.5787, -10.5709,  240, 0, 0
L 305.0766, 715.7587, -11.6147,  305.6490, 717.0502, -11.6153,  240, 0, 0
L 305.4966, 714.2395, -11.9212,  305.0766, 715.7587, -11.6147,  240, 0, 0
L 307.2897, 714.4385, -11.8773,  305.4966, 714.2395, -11.9212,  240, 0, 0
L 316.4789, 716.3149, -11.8776,  307.2897, 714.4385, -11.8773,  240, 0, 0
L 345.5028, 722.4587, -11.8772,  316.4789, 716.3149, -11.8776,  240, 0, 0
L 354.5310, 724.3568, -11.8730,  345.5028, 722.4587, -11.8772,  240, 0, 0
L 389.3553, 731.3072, -11.6794,  354.5310, 724.3568, -11.8730,  240, 0, 0
L -9.2746, 1271.9291, -11.9633,  13.3092, 1275.5559, -11.9764,  240, 0, 0
L -10.8290, 1271.6793, -11.9631,  -9.2746, 1271.9291, -11.9633,  240, 0, 0
L -20.1542, 1244.5793, -12.0040,  -10.8290, 1271.6793, -11.9631,  240, 0, 0
L -26.4045, 1226.4131, -12.0018,  -20.1542, 1244.5793, -12.0040,  240, 0, 0
L -29.4104, 1217.6991, -11.9964,  -26.4045, 1226.4131, -12.0018,  240, 0, 0
L -30.0131, 1215.9821, -11.9897,  -29.4104, 1217.6991, -11.9964,  240, 0, 0
L -33.3853, 1206.5765, -11.9399,  -30.0131, 1215.9821, -11.9897,  240, 0, 0
L -34.0166, 1204.8403, -11.9266,  -33.3853, 1206.5765, -11.9399,  240, 0, 0
L -34.6400, 1203.1682, -11.9069,  -34.0166, 1204.8403, -11.9266,  240, 0, 0
L -35.2726, 1201.5082, -11.8824,  -34.6400, 1203.1682, -11.9069,  240, 0, 0
L -35.9235, 1199.8461, -11.8533,  -35.2726, 1201.5082, -11.8824,  240, 0, 0
L -37.1640, 1196.7908, -11.9702,  -35.9235, 1199.8461, -11.8533,  240, 0, 0
L -37.6400, 1195.6418, -12.0389,  -37.1640, 1196.7908, -11.9702,  240, 0, 0
L -43.1261, 1187.3116, -12.0030,  -37.6400, 1195.6418, -12.0389,  240, 0, 0
L -59.3032, 1163.1027, -11.9043,  -43.1261, 1187.3116, -12.0030,  240, 0, 0
L -64.3722, 1155.5110, -11.8758,  -59.3032, 1163.1027, -11.9043,  240, 0, 0
L -69.7935, 1147.1158, -11.9149,  -64.3722, 1155.5110, -11.8758,  240, 0, 0
L -75.1338, 1138.6688, -11.9874,  -69.7935, 1147.1158, -11.9149,  240, 0, 0
L -77.0282, 1135.5975, -12.0378,  -75.1338, 1138.6688, -11.9874,  240, 0, 0
L -77.9593, 1134.0358, -12.0714,  -77.0282, 1135.5975, -12.0378,  240, 0, 0
L -82.7740, 1125.6373, -12.0473,  -77.9593, 1134.0358, -12.0714,  240, 0, 0
L -83.5633, 1124.2446, -11.9410,  -82.7740, 1125.6373, -12.0473,  240, 0, 0
L -59.9195, 1130.1724, -11.9527,  -83.5633, 1124.2446, -11.9410,  240, 0, 0
L -30.8642, 1137.4559, -11.9664,  -59.9195, 1130.1724, -11.9527,  240, 0, 0
L -22.0147, 1139.6906, -11.9747,  -30.8642, 1137.4559, -11.9664,  240, 0, 0
L -12.7205, 1142.2000, -12.0047,  -22.0147, 1139.6906, -11.9747,  240, 0, 0
L -11.1661, 1142.5543, -12.0009,  -12.7205, 1142.2000, -12.0047,  240, 0, 0
L -8.4250, 1149.9318, -12.0751,  -11.1661, 1142.5543, -12.0009,  240, 0, 0
L -4.9386, 1159.2999, -12.1026,  -8.4250, 1149.9318, -12.0751,  240, 0, 0
L -4.3084, 1160.9756, -12.1032,  -4.9386, 1159.2999, -12.1026,  240, 0, 0
L -0.3712, 1171.1940, -12.0767,  -4.3084, 1160.9756, -12.1032,  240, 0, 0
L 0.2848, 1172.8917, -12.0716,  -0.3712, 1171.1940, -12.0767,  240, 0, 0
L 3.6509, 1181.4111, -12.0116,  0.2848, 1172.8917, -12.0716,  240, 0, 0
L 4.3180, 1183.0723, -11.9951,  3.6509, 1181.4111, -12.0116,  240, 0, 0
L 7.8161, 1191.5613, -11.8760,  4.3180, 1183.0723, -11.9951,  240, 0, 0
L 8.5127, 1193.2283, -11.8480,  7.8161, 1191.5613, -11.8760,  240, 0, 0
L 10.5695, 1197.9685, -11.8460,  8.5127, 1193.2283, -11.8480,  240, 0, 0
L 11.2120, 1199.4186, -11.9559,  10.5695, 1197.9685, -11.8460,  240, 0, 0
L 76.4153, 1285.1337, -11.9935,  11.2120, 1199.4186, -11.9559,  240, 0, 0
L 77.3754, 1286.3960, -11.9490,  76.4153, 1285.1337, -11.9935,  240, 0, 0
L 64.3416, 1284.3038, -11.9369,  77.3754, 1286.3960, -11.9490,  240, 0, 0
L 34.7738, 1279.3403, -11.9494,  64.3416, 1284.3038, -11.9369,  240, 0, 0
L 24.9245, 1277.6461, -11.9562,  34.7738, 1279.3403, -11.9494,  240, 0, 0
L 15.0772, 1276.1263, -11.9429,  24.9245, 1277.6461, -11.9562,  240, 0, 0
L 5.2367, 1274.3846, -11.9589,  15.0772, 1276.1263, -11.9429,  240, 0, 0
L -11.0948, 1271.8158, -11.8994,  5.2367, 1274.3846, -11.9589,  240, 0, 0
L -909.1887, 1267.3782, -11.8654,  -910.8743, 1269.1057, -11.8585,  240, 0, 0
L -902.2075, 1260.2511, -11.9062,  -909.1887, 1267.3782, -11.8654,  240, 0, 0
L -875.7731, 1234.4392, -12.3136,  -902.2075, 1260.2511, -11.9062,  240, 0, 0
L -874.6482, 1233.3418, -11.8881,  -875.7731, 1234.4392, -12.3136,  240, 0, 0
L -830.8200, 1244.3763, -11.9281,  -874.6482, 1233.3418, -11.8881,  240, 0, 0
L -821.2155, 1246.7880, -11.9304,  -830.8200, 1244.3763, -11.9281,  240, 0, 0
L -811.8357, 1249.4025, -12.1230,  -821.2155, 1246.7880, -11.9304,  240, 0, 0
L -810.2901, 1249.8717, -11.6539,  -811.8357, 1249.4025, -12.1230,  240, 0, 0
L -790.1113, 1271.6005, -11.7024,  -810.2901, 1249.8717, -11.6539,  240, 0, 0
L -777.0362, 1285.6774, -11.7295,  -790.1113, 1271.6005, -11.7024,  240, 0, 0
L -770.2656, 1292.9075, -11.6667,  -777.0362, 1285.6774, -11.7295,  240, 0, 0
L -763.9120, 1299.4634, -11.6759,  -770.2656, 1292.9075, -11.6667,  240, 0, 0
L -758.1660, 1305.1089, -11.9422,  -763.9120, 1299.4634, -11.6759,  240, 0, 0
L -737.9511, 1323.9841, -11.9196,  -758.1660, 1305.1089, -11.9422,  240, 0, 0
L -731.2637, 1330.1990, -11.8889,  -737.9511, 1323.9841, -11.9196,  240, 0, 0
L -716.7318, 1343.9254, -12.0668,  -731.2637, 1330.1990, -11.8889,  240, 0, 0
L -709.5434, 1350.7834, -12.0480,  -716.7318, 1343.9254, -12.0668,  240, 0, 0
L -691.4098, 1368.8535, -11.7867,  -709.5434, 1350.7834, -12.0480,  240, 0, 0
L -684.4102, 1375.8623, -11.7164,  -691.4098, 1368.8535, -11.7867,  240, 0, 0
L -678.0931, 1382.4528, -11.9642,  -684.4102, 1375.8623, -11.7164,  240, 0, 0
L -676.8281, 1383.8024, -12.0289,  -678.0931, 1382.4528, -11.9642,  240, 0, 0
L -670.3250, 1390.3326, -11.9342,  -676.8281, 1383.8024, -12.0289,  240, 0, 0
L -669.0579, 1391.5924, -11.9260,  -670.3250, 1390.3326, -11.9342,  240, 0, 0
L -662.6263, 1398.5920, -12.1030,  -669.0579, 1391.5924, -11.9260,  240, 0, 0
L -661.4666, 1399.9048, -11.6005,  -662.6263, 1398.5920, -12.1030,  240, 0, 0
L -660.5194, 1401.7334, -11.5703,  -661.4666, 1399.9048, -11.6005,  240, 0, 0
L -646.9308, 1427.9327, -11.2305,  -660.5194, 1401.7334, -11.5703,  240, 0, 0
L -642.3465, 1436.7805, -11.1248,  -646.9308, 1427.9327, -11.2305,  240, 0, 0
L -637.7689, 1445.8329, -11.1415,  -642.3465, 1436.7805, -11.1248,  240, 0, 0
L -633.2879, 1454.7336, -11.1678,  -637.7689, 1445.8329, -11.1415,  240, 0, 0
L -629.1191, 1462.8560, -11.0978,  -633.2879, 1454.7336, -11.1678,  240, 0, 0
L -624.9242, 1470.9647, -11.0112,  -629.1191, 1462.8560, -11.0978,  240, 0, 0
L -624.0727, 1472.6404, -11.0188,  -624.9242, 1470.9647, -11.0112,  240, 0, 0
L -622.8830, 1475.0474, -11.0631,  -624.0727, 1472.6404, -11.0188,  240, 0, 0
L -622.1083, 1476.6610, -11.1164,  -622.8830, 1475.0474, -11.0631,  240, 0, 0
L -621.3116, 1478.3635, -11.1968,  -622.1083, 1476.6610, -11.1164,  240, 0, 0
L -617.1849, 1487.3990, -11.6755,  -621.3116, 1478.3635, -11.1968,  240, 0, 0
L -616.4551, 1489.0299, -11.7894,  -617.1849, 1487.3990, -11.6755,  240, 0, 0
L -615.7493, 1490.6658, -11.9393,  -616.4551, 1489.0299, -11.7894,  240, 0, 0
L -613.5381, 1496.2737, -11.9448,  -615.7493, 1490.6658, -11.9393,  240, 0, 0
L -612.9581, 1497.7544, -11.7700,  -613.5381, 1496.2737, -11.9448,  240, 0, 0
L -630.5977, 1504.1066, -11.8480,  -612.9581, 1497.7544, -11.7700,  240, 0, 0
L -639.9507, 1507.4586, -11.8842,  -630.5977, 1504.1066, -11.8480,  240, 0, 0
L -661.0780, 1515.5277, -11.2587,  -639.9507, 1507.4586, -11.8842,  240, 0, 0
L -669.5646, 1518.8098, -10.9573,  -661.0780, 1515.5277, -11.2587,  240, 0, 0
L -678.6796, 1522.5518, -10.3091,  -669.5646, 1518.8098, -10.9573,  240, 0, 0
L -680.0629, 1523.1449, -10.2012,  -678.6796, 1522.5518, -10.3091,  240, 0, 0
L -681.4147, 1523.5229, -10.5366,  -680.0629, 1523.1449, -10.2012,  240, 0, 0
L -711.3784, 1524.6720, -11.8723,  -681.4147, 1523.5229, -10.5366,  240, 0, 0
L -712.6398, 1524.7188, -11.4178,  -711.3784, 1524.6720, -11.8723,  240, 0, 0
L -806.6072, 1498.8198, -11.1044,  -712.6398, 1524.7188, -11.4178,  240, 0, 0
L -808.1467, 1498.3943, -11.1010,  -806.6072, 1498.8198, -11.1044,  240, 0, 0
L -810.3911, 1496.4126, -11.9639,  -808.1467, 1498.3943, -11.1010,  240, 0, 0
L -811.3366, 1495.5769, -11.8389,  -810.3911, 1496.4126, -11.9639,  240, 0, 0
L -825.9163, 1478.2831, -11.8370,  -811.3366, 1495.5769, -11.8389,  240, 0, 0
L -844.7422, 1455.9164, -11.7975,  -825.9163, 1478.2831, -11.8370,  240, 0, 0
L -850.5966, 1448.9515, -11.7962,  -844.7422, 1455.9164, -11.7975,  240, 0, 0
L -856.4025, 1441.7935, -11.9618,  -850.5966, 1448.9515, -11.7962,  240, 0, 0
L -862.5947, 1434.0588, -12.1797,  -856.4025, 1441.7935, -11.9618,  240, 0, 0
L -863.5193, 1432.8590, -12.2213,  -862.5947, 1434.0588, -12.1797,  240, 0, 0
L -862.1379, 1434.0896, -12.5550,  -863.5193, 1432.8590, -12.2213,  240, 0, 0
L -860.5503, 1435.3756, -12.9829,  -862.1379, 1434.0896, -12.5550,  240, 0, 0
L -859.2856, 1436.3434, -13.1633,  -860.5503, 1435.3756, -12.9829,  240, 0, 0
L -858.0962, 1437.9757, -12.9776,  -859.2856, 1436.3434, -13.1633,  240, 0, 0
L -857.3641, 1439.0126, -12.9065,  -858.0962, 1437.9757, -12.9776,  240, 0, 0
L -856.2053, 1440.1248, -13.2095,  -857.3641, 1439.0126, -12.9065,  240, 0, 0
L -854.7065, 1441.4180, -13.4450,  -856.2053, 1440.1248, -13.2095,  240, 0, 0
L -854.2088, 1436.8190, -8.9827,  -854.7065, 1441.4180, -13.4450,  240, 0, 0
L -854.1392, 1435.3990, -8.0560,  -854.2088, 1436.8190, -8.9827,  240, 0, 0
L -853.6679, 1422.9530, -22.1031,  -854.1392, 1435.3990, -8.0560,  240, 0, 0
L -853.9753, 1421.1146, -26.3454,  -853.6679, 1422.9530, -22.1031,  240, 0, 0
L -854.7065, 1419.2616, -26.9375,  -853.9753, 1421.1146, -26.3454,  240, 0, 0
L -855.3871, 1417.8297, -27.3236,  -854.7065, 1419.2616, -26.9375,  240, 0, 0
L -856.2931, 1416.1062, -27.7130,  -855.3871, 1417.8297, -27.3236,  240, 0, 0
L -857.0082, 1414.8385, -27.9753,  -856.2931, 1416.1062, -27.7130,  240, 0, 0
L -857.9100, 1413.3153, -28.2401,  -857.0082, 1414.8385, -27.9753,  240, 0, 0
L -859.5010, 1410.7651, -28.6433,  -857.9100, 1413.3153, -28.2401,  240, 0, 0
L -860.1314, 1409.7896, -28.7800,  -859.5010, 1410.7651, -28.6433,  240, 0, 0
L -865.4202, 1402.1978, -29.5117,  -860.1314, 1409.7896, -28.7800,  240, 0, 0
L -866.5741, 1400.5402, -29.6857,  -865.4202, 1402.1978, -29.5117,  240, 0, 0
L -869.0244, 1396.8894, -29.5319,  -866.5741, 1400.5402, -29.6857,  240, 0, 0
L -869.8470, 1395.6245, -29.2462,  -869.0244, 1396.8894, -29.5319,  240, 0, 0
L -870.7972, 1394.0916, -28.9464,  -869.8470, 1395.6245, -29.2462,  240, 0, 0
L -872.0651, 1392.8275, -20.5309,  -870.7972, 1394.0916, -28.9464,  240, 0, 0
L -873.6063, 1394.2086, -20.5309,  -872.0651, 1392.8275, -20.5309,  240, 0, 0
L -874.8482, 1395.3848, -20.5307,  -873.6063, 1394.2086, -20.5309,  240, 0, 0
L -877.4816, 1397.7141, -20.5143,  -874.8482, 1395.3848, -20.5307,  240, 0, 0
L -878.6282, 1398.6615, -20.4427,  -877.4816, 1397.7141, -20.5143,  240, 0, 0
L -881.1052, 1399.6691, -18.8877,  -878.6282, 1398.6615, -20.4427,  240, 0, 0
L -886.3117, 1401.8693, -13.7769,  -881.1052, 1399.6691, -18.8877,  240, 0, 0
L -887.6712, 1402.5209, -12.5332,  -886.3117, 1401.8693, -13.7769,  240, 0, 0
L -888.7538, 1403.3197, -12.0748,  -887.6712, 1402.5209, -12.5332,  240, 0, 0
L -891.0601, 1400.1924, -12.1795,  -888.7538, 1403.3197, -12.0748,  240, 0, 0
L -892.2700, 1398.6028, -12.2510,  -891.0601, 1400.1924, -12.1795,  240, 0, 0
L -892.9369, 1396.9125, -12.4217,  -892.2700, 1398.6028, -12.2510,  240, 0, 0
L -893.4978, 1395.1814, -12.3946,  -892.9369, 1396.9125, -12.4217,  240, 0, 0
L -894.0697, 1393.4540, -12.3645,  -893.4978, 1395.1814, -12.3946,  240, 0, 0
L -897.2630, 1384.0476, -12.1366,  -894.0697, 1393.4540, -12.3645,  240, 0, 0
L -898.1385, 1381.4781, -12.0777,  -897.2630, 1384.0476, -12.1366,  240, 0, 0
L -898.7239, 1379.7239, -12.0521,  -898.1385, 1381.4781, -12.0777,  240, 0, 0
L -899.2743, 1377.9897, -12.0536,  -898.7239, 1379.7239, -12.0521,  240, 0, 0
L -902.5827, 1366.6180, -12.1907,  -899.2743, 1377.9897, -12.0536,  240, 0, 0
L -903.0824, 1364.8993, -12.2103,  -902.5827, 1366.6180, -12.1907,  240, 0, 0
L -906.4630, 1353.6118, -12.2653,  -903.0824, 1364.8993, -12.2103,  240, 0, 0
L -906.9850, 1351.8700, -12.2772,  -906.4630, 1353.6118, -12.2653,  240, 0, 0
L -907.5057, 1350.0989, -12.3006,  -906.9850, 1351.8700, -12.2772,  240, 0, 0
L -907.9924, 1348.3545, -12.3498,  -907.5057, 1350.0989, -12.3006,  240, 0, 0
L -909.4791, 1342.4851, -12.5767,  -907.9924, 1348.3545, -12.3498,  240, 0, 0
L -909.8701, 1340.9252, -12.6117,  -909.4791, 1342.4851, -12.5767,  240, 0, 0
L -920.8868, 1335.0751, -11.8888,  -909.8701, 1340.9252, -12.6117,  240, 0, 0
L -929.4331, 1330.5897, -11.8204,  -920.8868, 1335.0751, -11.8888,  240, 0, 0
L -930.5333, 1329.9716, -11.8205,  -929.4331, 1330.5897, -11.8204,  240, 0, 0
L -934.5700, 1325.5321, -10.7622,  -930.5333, 1329.9716, -11.8205,  240, 0, 0
L -935.6385, 1324.3243, -10.4707,  -934.5700, 1325.5321, -10.7622,  240, 0, 0
L -936.8021, 1320.6593, -13.2232,  -935.6385, 1324.3243, -10.4707,  240, 0, 0
L -937.2849, 1319.1353, -13.3799,  -936.8021, 1320.6593, -13.2232,  240, 0, 0
L -937.5003, 1317.3979, -13.8857,  -937.2849, 1319.1353, -13.3799,  240, 0, 0
L -937.9692, 1313.4381, -14.6591,  -937.5003, 1317.3979, -13.8857,  240, 0, 0
L -937.6507, 1311.6523, -13.8935,  -937.9692, 1313.4381, -14.6591,  240, 0, 0
L -940.5262, 1312.8777, -13.8935,  -937.6507, 1311.6523, -13.8935,  240, 0, 0
L -942.3765, 1313.5790, -13.8935,  -940.5262, 1312.8777, -13.8935,  240, 0, 0
L -947.7942, 1317.4567, -12.3318,  -942.3765, 1313.5790, -13.8935,  240, 0, 0
L -949.2971, 1318.5780, -11.9727,  -947.7942, 1317.4567, -12.3318,  240, 0, 0
L -951.1367, 1317.8226, -11.9348,  -949.2971, 1318.5780, -11.9727,  240, 0, 0
L -959.3711, 1312.9061, -11.9971,  -951.1367, 1317.8226, -11.9348,  240, 0, 0
L -976.0909, 1303.4501, -11.9924,  -959.3711, 1312.9061, -11.9971,  240, 0, 0
L -977.7012, 1302.5476, -11.9930,  -976.0909, 1303.4501, -11.9924,  240, 0, 0
L -984.2018, 1298.3914, -12.0357,  -977.7012, 1302.5476, -11.9930,  240, 0, 0
L -985.2426, 1297.6776, -11.5813,  -984.2018, 1298.3914, -12.0357,  240, 0, 0
L -979.4258, 1296.7311, -11.5943,  -985.2426, 1297.6776, -11.5813,  240, 0, 0
L -950.3513, 1293.1505, -11.6447,  -979.4258, 1296.7311, -11.5943,  240, 0, 0
L -941.2902, 1292.0458, -11.6785,  -950.3513, 1293.1505, -11.6447,  240, 0, 0
L -932.1900, 1291.0358, -11.8109,  -941.2902, 1292.0458, -11.6785,  240, 0, 0
L -922.4997, 1290.0599, -12.0537,  -932.1900, 1291.0358, -11.8109,  240, 0, 0
L -920.8980, 1289.9180, -12.0885,  -922.4997, 1290.0599, -12.0537,  240, 0, 0
L -919.2739, 1289.0514, -12.1132,  -920.8980, 1289.9180, -12.0885,  240, 0, 0
L -918.2746, 1288.0990, -12.3007,  -919.2739, 1289.0514, -12.1132,  240, 0, 0
L -917.5666, 1286.3964, -12.3025,  -918.2746, 1288.0990, -12.3007,  240, 0, 0
L -915.5374, 1281.3303, -12.2198,  -917.5666, 1286.3964, -12.3025,  240, 0, 0
L -914.8745, 1279.6382, -12.1769,  -915.5374, 1281.3303, -12.2198,  240, 0, 0
L -914.2207, 1277.9139, -12.1114,  -914.8745, 1279.6382, -12.1769,  240, 0, 0
L -913.5958, 1276.1880, -12.0216,  -914.2207, 1277.9139, -12.1114,  240, 0, 0
L -913.0147, 1274.5004, -11.9101,  -913.5958, 1276.1880, -12.0216,  240, 0, 0
L -912.4678, 1272.8278, -11.7833,  -913.0147, 1274.5004, -11.9101,  240, 0, 0
L -911.9828, 1271.2821, -11.6589,  -912.4678, 1272.8278, -11.7833,  240, 0, 0
L -911.5226, 1269.7650, -11.5799,  -911.9828, 1271.2821, -11.6589,  240, 0, 0
L -909.2123, 1267.3402, -11.8410,  -911.5226, 1269.7650, -11.5799,  240, 0, 0
L -895.3180, 1253.0154, -11.8675,  -909.2123, 1267.3402, -11.8410,  240, 0, 0
L -888.9637, 1246.5037, -11.8903,  -895.3180, 1253.0154, -11.8675,  240, 0, 0
L -876.6483, 1234.0737, -11.9956,  -888.9637, 1246.5037, -11.8903,  240, 0, 0
L -1049.0369, 1097.1221, -11.5080,  -1053.5342, 1095.5721, -11.6104,  240, 0, 0
L -1047.5336, 1097.6398, -11.4924,  -1049.0369, 1097.1221, -11.5080,  240, 0, 0
L -1095.6927, 1108.4637, -11.8438,  -1047.5336, 1097.6398, -11.4924,  240, 0, 0
L -1097.1395, 1108.7889, -11.8447,  -1095.6927, 1108.4637, -11.8438,  240, 0, 0
L -1099.8517, 1108.9679, -12.0605,  -1097.1395, 1108.7889, -11.8447,  240, 0, 0
L -1101.6692, 1108.8926, -11.7060,  -1099.8517, 1108.9679, -12.0605,  240, 0, 0
L -1111.2845, 1107.7673, -10.8300,  -1101.6692, 1108.8926, -11.7060,  240, 0, 0
L -1120.4015, 1106.8911, -11.2746,  -1111.2845, 1107.7673, -10.8300,  240, 0, 0
L -1146.6588, 1105.1501, -11.5000,  -1120.4015, 1106.8911, -11.2746,  240, 0, 0
L -1166.6119, 1103.9247, -11.5554,  -1146.6588, 1105.1501, -11.5000,  240, 0, 0
L -1175.7200, 1103.2927, -11.7004,  -1166.6119, 1103.9247, -11.5554,  240, 0, 0
L -1205.3665, 1100.8152, -12.7496,  -1175.7200, 1103.2927, -11.7004,  240, 0, 0
L -1207.3390, 1100.6456, -12.8111,  -1205.3665, 1100.8152, -12.7496,  240, 0, 0
L -1207.6509, 1104.8804, -11.7391,  -1207.3390, 1100.6456, -12.8111,  240, 0, 0
L -1207.7405, 1106.6982, -11.7504,  -1207.6509, 1104.8804, -11.7391,  240, 0, 0
L -1208.2311, 1116.6516, -11.8126,  -1207.7405, 1106.6982, -11.7504,  240, 0, 0
L -1208.3219, 1118.4993, -11.8234,  -1208.2311, 1116.6516, -11.8126,  240, 0, 0
L -1208.7963, 1128.5131, -11.8465,  -1208.3219, 1118.4993, -11.8234,  240, 0, 0
L -1208.8646, 1130.3618, -11.8282,  -1208.7963, 1128.5131, -11.8465,  240, 0, 0
L -1209.3354, 1143.0936, -11.7024,  -1208.8646, 1130.3618, -11.8282,  240, 0, 0
L -1209.4038, 1144.9423, -11.6842,  -1209.3354, 1143.0936, -11.7024,  240, 0, 0
L -1209.8848, 1157.7629, -11.5726,  -1209.4038, 1144.9423, -11.6842,  240, 0, 0
L -1209.9635, 1159.5811, -11.5789,  -1209.8848, 1157.7629, -11.5726,  240, 0, 0
L -1210.4510, 1167.7520, -11.7549,  -1209.9635, 1159.5811, -11.5789,  240, 0, 0
L -1210.5609, 1169.5372, -11.7943,  -1210.4510, 1167.7520, -11.7549,  240, 0, 0
L -1211.0498, 1177.4658, -11.9470,  -1210.5609, 1169.5372, -11.7943,  240, 0, 0
L -1211.1536, 1179.0579, -11.8832,  -1211.0498, 1177.4658, -11.9470,  240, 0, 0
L -1222.8356, 1142.2122, -11.8545,  -1211.1536, 1179.0579, -11.8832,  240, 0, 0
L -1236.7579, 1098.2865, -11.8357,  -1222.8356, 1142.2122, -11.8545,  240, 0, 0
L -1237.2269, 1096.8074, -11.8948,  -1236.7579, 1098.2865, -11.8357,  240, 0, 0
L -1259.7627, 1063.9744, -11.8997,  -1237.2269, 1096.8074, -11.8948,  240, 0, 0
L -1271.0735, 1047.4937, -11.9023,  -1259.7627, 1063.9744, -11.8997,  240, 0, 0
L -1276.7137, 1039.2429, -11.9102,  -1271.0735, 1047.4937, -11.9023,  240, 0, 0
L -1282.2327, 1030.9825, -11.9401,  -1276.7137, 1039.2429, -11.9102,  240, 0, 0
L -1290.0511, 1019.0405, -12.0139,  -1282.2327, 1030.9825, -11.9401,  240, 0, 0
L -1290.9310, 1017.6889, -11.9295,  -1290.0511, 1019.0405, -12.0139,  240, 0, 0
L -1251.2964, 1046.3499, -11.8953,  -1290.9310, 1017.6889, -11.9295,  240, 0, 0
L -1227.6765, 1063.4298, -11.8753,  -1251.2964, 1046.3499, -11.8953,  240, 0, 0
L -1219.5740, 1069.2773, -11.8644,  -1227.6765, 1063.4298, -11.8753,  240, 0, 0
L -1211.6187, 1074.7555, -11.7939,  -1219.5740, 1069.2773, -11.8644,  240, 0, 0
L -1210.3005, 1075.6368, -11.9555,  -1211.6187, 1074.7555, -11.7939,  240, 0, 0
L -1191.8809, 1068.2759, -11.9622,  -1210.3005, 1075.6368, -11.9555,  240, 0, 0
L -1183.3496, 1064.8665, -11.9652,  -1191.8809, 1068.2759, -11.9622,  240, 0, 0
L -1155.6858, 1054.1442, -12.0480,  -1183.3496, 1064.8665, -11.9652,  240, 0, 0
L -1154.2236, 1053.5803, -11.6543,  -1155.6858, 1054.1442, -12.0480,  240, 0, 0
L -1136.4666, 1061.9862, -11.6957,  -1154.2236, 1053.5803, -11.6543,  240, 0, 0
L -1127.4550, 1066.2363, -11.7091,  -1136.4666, 1061.9862, -11.6957,  240, 0, 0
L -1119.1597, 1069.9740, -11.6180,  -1127.4550, 1066.2363, -11.7091,  240, 0, 0
L -1110.0665, 1073.9725, -11.5512,  -1119.1597, 1069.9740, -11.6180,  240, 0, 0
L -1089.7239, 1081.9105, -11.6572,  -1110.0665, 1073.9725, -11.5512,  240, 0, 0
L -1080.4003, 1085.5095, -11.6909,  -1089.7239, 1081.9105, -11.6572,  240, 0, 0
L -1052.9087, 1096.4188, -11.9556,  -1080.4003, 1085.5095, -11.6909,  240, 0, 0
L -742.1145, 928.6987, 121.6508,  -742.1698, 928.4745, 121.6357,  0, 0, 0
L -739.0881, 940.8190, 122.0437,  -743.1485, 924.5575, 121.6508,  0, 0, 0
L -755.3292, 944.8705, 125.8456,  -739.0881, 940.8190, 123.1079,  0, 0, 0
L -759.3931, 928.6475, 126.9267,  -755.3292, 944.8705, 127.2984,  0, 0, 0
L -743.1485, 924.5575, 123.2947,  -759.3931, 928.6475, 125.3503,  0, 0, 0
L -952.6174, 367.9607, 0.6278,  -953.5210, 366.4080, 0.5378,  240, 127, 0
L -952.0531, 369.6720, 0.5086,  -952.6174, 367.9607, 0.6278,  240, 127, 0
L -954.5652, 378.3249, 1.4551,  -952.0531, 369.6720, 0.5086,  240, 127, 0
L -955.1012, 380.1727, 1.6530,  -954.5652, 378.3249, 1.4551,  240, 127, 0
L -955.5938, 381.7091, 1.9909,  -955.1012, 380.1727, 1.6530,  240, 127, 0
L -956.2606, 383.5723, 2.0715,  -955.5938, 381.7091, 1.9909,  240, 127, 0
L -961.3266, 386.3406, 2.7416,  -956.2606, 383.5723, 2.0715,  240, 127, 0
L -967.1907, 389.4003, 3.8578,  -961.3266, 386.3406, 2.7416,  240, 127, 0
L -968.9797, 390.2464, 4.1075,  -967.1907, 389.4003, 3.8578,  240, 127, 0
L -980.2006, 387.4375, 4.6620,  -968.9797, 390.2464, 4.1075,  240, 127, 0
L -982.1160, 386.9579, 4.8237,  -980.2006, 387.4375, 4.6620,  240, 127, 0
L -988.2709, 376.4022, 5.5060,  -982.1160, 386.9579, 4.8237,  240, 127, 0
L -989.0061, 375.1410, 5.5420,  -988.2709, 376.4022, 5.5060,  240, 127, 0
L -989.2993, 373.6586, 5.0629,  -989.0061, 375.1410, 5.5420,  240, 127, 0
L -988.8062, 371.5809, 4.9381,  -989.2993, 373.6586, 5.0629,  240, 127, 0
L -988.3521, 369.6677, 4.7983,  -988.8062, 371.5809, 4.9381,  240, 127, 0
L -987.9322, 367.8987, 4.7541,  -988.3521, 369.6677, 4.7983,  240, 127, 0
L -987.4894, 366.0333, 4.6687,  -987.9322, 367.8987, 4.7541,  240, 127, 0
L -987.0455, 364.1635, 4.6008,  -987.4894, 366.0333, 4.6687,  240, 127, 0
L -986.6774, 362.6136, 4.5504,  -987.0455, 364.1635, 4.6008,  240, 127, 0
L -986.3154, 361.0884, 4.4971,  -986.6774, 362.6136, 4.5504,  240, 127, 0
L -977.2019, 354.3288, 2.7191,  -986.3154, 361.0884, 4.4971,  240, 127, 0
L -976.0295, 353.4592, 2.5711,  -977.2019, 354.3288, 2.7191,  240, 127, 0
L -974.4459, 353.2135, 2.9898,  -976.0295, 353.4592, 2.5711,  240, 127, 0
L -960.9321, 355.8442, 0.8776,  -974.4459, 353.2135, 2.9898,  240, 127, 0
L -959.3734, 356.1346, 0.7815,  -960.9321, 355.8442, 0.8776,  240, 127, 0
L -958.1023, 358.5144, 0.7352,  -959.3734, 356.1346, 0.7815,  240, 127, 0
L -956.0018, 369.4838, 0.8269,  -956.9620, 367.9674, 1.0123,  240, 127, 0
L -958.5669, 378.7379, 1.5766,  -956.0018, 369.4838, 0.8269,  240, 127, 0
L -959.0582, 380.5151, 1.7003,  -958.5669, 378.7379, 1.5766,  240, 127, 0
L -967.2783, 385.3873, 2.9076,  -959.0582, 380.5151, 1.7003,  240, 127, 0
L -968.8547, 386.2489, 3.1054,  -967.2783, 385.3873, 2.9076,  240, 127, 0
L -978.2145, 383.9961, 4.1435,  -968.8547, 386.2489, 3.1054,  240, 127, 0
L -980.1166, 383.4476, 4.3381,  -978.2145, 383.9961, 4.1435,  240, 127, 0
L -984.8177, 375.5861, 4.5285,  -980.1166, 383.4476, 4.3381,  240, 127, 0
L -985.7784, 373.9365, 4.5591,  -984.8177, 375.5861, 4.5285,  240, 127, 0
L -984.3245, 367.4173, 4.0893,  -985.7784, 373.9365, 4.5591,  240, 127, 0
L -983.8433, 365.2766, 3.9469,  -984.3245, 367.4173, 4.0893,  240, 127, 0
L -983.4907, 363.5019, 3.7011,  -983.8433, 365.2766, 3.9469,  240, 127, 0
L -975.3369, 357.8087, 2.5923,  -983.4907, 363.5019, 3.7011,  240, 127, 0
L -973.8201, 356.8255, 2.3682,  -975.3369, 357.8087, 2.5923,  240, 127, 0
L -971.7023, 357.2673, 2.1355,  -973.8201, 356.8255, 2.3682,  240, 127, 0
L -962.2499, 359.3636, 1.2623,  -971.7023, 357.2673, 2.1355,  240, 127, 0
L -932.3249, 445.4968, 1.9150,  -928.2407, 444.2024, 1.6461,  240, 127, 0
L -941.4113, 448.5732, 3.1232,  -932.3249, 445.4968, 1.9150,  240, 127, 0
L -947.5049, 446.0375, 3.7151,  -941.4113, 448.5732, 3.1232,  240, 127, 0
L -953.4656, 443.3601, 4.2974,  -947.5049, 446.0375, 3.7151,  240, 127, 0
L -954.9276, 442.7756, 4.3788,  -953.4656, 443.3601, 4.2974,  240, 127, 0
L -959.0089, 432.2063, 4.3091,  -954.9276, 442.7756, 4.3788,  240, 127, 0
L -959.5733, 430.7436, 4.3008,  -959.0089, 432.2063, 4.3091,  240, 127, 0
L -959.9552, 428.8881, 4.4254,  -959.5733, 430.7436, 4.3008,  240, 127, 0
L -959.1749, 427.1275, 4.7500,  -959.9552, 428.8881, 4.4254,  240, 127, 0
L -955.8505, 417.9053, 3.1329,  -959.1749, 427.1275, 4.7500,  240, 127, 0
L -955.3598, 416.5334, 3.0228,  -955.8505, 417.9053, 3.1329,  240, 127, 0
L -954.0212, 415.2286, 3.3403,  -955.3598, 416.5334, 3.0228,  240, 127, 0
L -952.5740, 414.5871, 3.1115,  -954.0212, 415.2286, 3.3403,  240, 127, 0
L -950.8618, 414.0218, 3.1106,  -952.5740, 414.5871, 3.1115,  240, 127, 0
L -941.3873, 410.1675, 1.0980,  -950.8618, 414.0218, 3.1106,  240, 127, 0
L -939.8977, 409.5505, 0.9186,  -941.3873, 410.1675, 1.0980,  240, 127, 0
L -937.3438, 410.5734, 0.6378,  -939.8977, 409.5505, 0.9186,  240, 127, 0
L -928.9838, 418.7529, -0.0616,  -930.1275, 418.1746, 0.1651,  240, 127, 0
L -925.7791, 428.6122, 0.0677,  -928.9838, 418.7529, -0.0616,  240, 127, 0
L -925.2061, 430.3742, 0.0918,  -925.7791, 428.6122, 0.0677,  240, 127, 0
L -929.9936, 439.1886, 1.1634,  -925.2061, 430.3742, 0.0918,  240, 127, 0
L -930.7934, 440.6595, 1.3111,  -929.9936, 439.1886, 1.1634,  240, 127, 0
L -938.9482, 443.3879, 2.4714,  -930.7934, 440.6595, 1.3111,  240, 127, 0
L -940.8499, 443.9341, 2.6858,  -938.9482, 443.3879, 2.4714,  240, 127, 0
L -942.6339, 444.3133, 2.9600,  -940.8499, 443.9341, 2.6858,  240, 127, 0
L -951.2137, 439.7179, 3.6287,  -942.6339, 444.3133, 2.9600,  240, 127, 0
L -942.4869, 444.4090, 2.8609,  -952.5243, 439.0134, 3.6287,  240, 127, 0
L -940.3444, 413.4851, 1.0598,  -938.6211, 414.2404, 0.9739,  240, 127, 0
L -949.6469, 417.0538, 2.3413,  -940.3444, 413.4851, 1.0598,  240, 127, 0
L -951.4125, 417.7372, 2.5233,  -949.6469, 417.0538, 2.3413,  240, 127, 0
L -954.6600, 424.8315, 3.3068,  -951.4125, 417.7372, 2.5233,  240, 127, 0
L -955.4409, 426.5265, 3.4853,  -954.6600, 424.8315, 3.3068,  240, 127, 0
L -956.1509, 428.3579, 3.6647,  -955.4409, 426.5265, 3.4853,  240, 127, 0
L -954.0021, 434.7777, 3.7399,  -956.1509, 428.3579, 3.6647,  240, 127, 0
L -953.4686, 436.3708, 3.7592,  -954.0021, 434.7777, 3.7399,  240, 127, 0
L -952.5243, 439.0134, 3.7710,  -953.4686, 436.3708, 3.7592,  240, 127, 0
L -926.2083, 415.5596, -0.4277,  -927.8995, 414.9063, -0.2631,  240, 127, 0
L -920.9288, 430.9254, -0.2635,  -926.2083, 415.5596, 0.1056,  240, 127, 0
L -928.2407, 444.2024, 1.2282,  -920.9288, 430.9254, -0.0802,  240, 127, 0
L -335.7606, -1364.0145, 146.0019,  -335.7596, -1352.7402, 145.6894,  0, 0, 0
L -335.7630, -1365.7910, 146.0019,  -335.7606, -1364.0145, 146.0019,  0, 0, 0
L -327.5366, -1366.1049, 146.0019,  -335.7630, -1365.7910, 146.0019,  240, 0, 0
L -325.8234, -1366.1068, 146.0019,  -327.5366, -1366.1049, 146.0019,  240, 0, 0
L -325.5474, -1347.8252, 145.6894,  -325.8234, -1366.1068, 146.0019,  0, 0, 0
L -489.1949, -911.3278, 51.6895,  -538.2557, -911.3645, 51.6895,  0, 0, 0
L -538.2557, -911.3645, 51.6895,  -538.3025, -913.2676, 51.6895,  0, 0, 0
L -538.3025, -913.2676, 51.6895,  -538.7955, -930.9163, 51.6989,  0, 0, 0
L -538.7955, -930.9163, 51.6989,  -539.6367, -932.3956, 51.7630,  0, 0, 0
L -539.6367, -932.3956, 51.7630,  -541.9753, -936.6023, 51.9749,  0, 0, 0
L -541.9753, -936.6023, 51.9749,  -542.1382, -938.4908, 52.0020,  0, 0, 0
L -542.1382, -938.4908, 52.0020,  -542.1364, -976.8735, 52.0020,  0, 0, 0
L -480.3304, -919.5143, 51.6895,  -530.8912, -919.6706, 51.6895,  0, 0, 0
L -530.8912, -919.6706, 51.6895,  -530.8934, -931.0386, 51.6895,  0, 0, 0
L -525.2693, -937.0091, 51.8897,  -530.8934, -931.0386, 51.7577,  0, 0, 0
L -525.2693, -937.0091, 52.0020,  -525.2695, -956.3268, 52.0020,  0, 0, 0
L -489.0643, -906.6492, 51.6895,  -489.1949, -911.3278, 51.6895,  0, 0, 0
L -480.3291, -906.5867, 51.6895,  -480.3304, -919.5143, 51.6895,  0, 0, 0
L -480.3303, -906.8074, 51.6895,  -489.0772, -907.0784, 51.6895,  240, 0, 0
L -511.3834, -952.6090, 51.3281,  -481.8386, -970.3050, 51.3457,  0, 0, 0
L -481.8386, -970.3050, 51.2495,  -543.1136, -1003.0428, 51.3222,  0, 0, 0
L -262.9822, -1293.1455, 144.1260,  -277.3914, -1293.3126, 144.1531,  0, 0, 0
L -277.3914, -1293.3126, 145.7464,  -277.5796, -1344.4813, 145.6925,  0, 0, 0
L -277.5796, -1344.4813, 145.6894,  -325.4768, -1344.4808, 145.6895,  0, 0, 0
L -325.4768, -1344.4808, 145.6894,  -325.6124, -1360.9788, 145.6894,  0, 0, 0
L -335.7630, -1360.5775, 145.6894,  -335.7624, -1334.2085, 145.6894,  0, 0, 0
L -335.7624, -1334.2085, 145.6894,  -287.8482, -1334.2084, 145.6895,  0, 0, 0
L -287.8482, -1334.2084, 145.6970,  -287.9475, -1295.2388, 145.9319,  0, 0, 0
L -289.7397, -1294.4438, 146.7338,  -345.6146, -1295.8462, 150.6615,  0, 0, 0
L -345.6146, -1295.8462, 150.6615,  -355.6021, -1296.2064, 151.7429,  0, 0, 0
L -355.6021, -1296.2064, 151.7429,  -364.7283, -1296.4213, 152.4324,  0, 0, 0
L -364.7283, -1296.4213, 152.4324,  -373.8266, -1296.5359, 152.8701,  0, 0, 0
L -373.8266, -1296.5359, 152.8701,  -392.8842, -1296.9645, 154.4292,  0, 0, 0
L -392.8842, -1296.9645, 154.4292,  -412.8363, -1297.2339, 156.7470,  0, 0, 0
L -412.8363, -1297.2339, 156.7470,  -431.9579, -1297.1726, 158.2363,  0, 0, 0
L -431.9579, -1297.1726, 158.2363,  -461.9383, -1296.9810, 160.4501,  0, 0, 0
L -461.9383, -1296.9810, 160.4501,  -487.4743, -1297.0200, 162.8692,  0, 0, 0
L -487.4743, -1297.0200, 162.8692,  -496.6279, -1296.7196, 162.9638,  0, 0, 0
L -496.6279, -1296.7196, 162.9638,  -501.2175, -1296.3499, 162.6848,  0, 0, 0
L -501.2175, -1296.3499, 162.6848,  -503.1442, -1295.9424, 162.6383,  0, 0, 0
L -503.1442, -1295.9424, 162.6383,  -504.9453, -1295.4263, 162.5944,  0, 0, 0
L -504.9453, -1295.4263, 162.5944,  -506.6982, -1294.5848, 162.5492,  0, 0, 0
L -506.6982, -1294.5848, 162.5492,  -511.8341, -1292.3510, 163.5665,  0, 0, 0
L -511.8341, -1292.3510, 163.5665,  -513.6276, -1292.2393, 163.6032,  0, 0, 0
L -513.6276, -1292.2393, 163.6032,  -522.9493, -1291.2035, 163.1148,  0, 0, 0
L -522.9493, -1291.2035, 163.1148,  -542.8279, -1289.1825, 162.2174,  0, 0, 0
L -542.8279, -1289.1825, 162.2174,  -552.7844, -1288.3224, 162.0087,  0, 0, 0
L -552.7844, -1288.3224, 162.0087,  -571.9438, -1286.5519, 161.4581,  0, 0, 0
L -571.9438, -1286.5519, 161.4581,  -580.9878, -1285.5544, 160.9483,  0, 0, 0
L -580.9878, -1285.5544, 160.9483,  -592.4309, -1284.2800, 160.5691,  0, 0, 0
L -592.4309, -1284.2800, 160.5691,  -592.9280, -1282.7739, 160.5571,  0, 0, 0
L -592.9280, -1282.7739, 160.5571,  -593.9562, -1279.6313, 160.4789,  0, 0, 0
L -593.9562, -1279.6313, 160.4789,  -594.5255, -1277.7546, 160.4059,  0, 0, 0
L -594.5255, -1277.7546, 160.4059,  -595.7857, -1273.5419, 160.2493,  0, 0, 0
L -595.7857, -1273.5419, 160.2493,  -596.1353, -1272.1403, 160.2038,  0, 0, 0
L -596.1353, -1272.1403, 160.2038,  -596.6210, -1269.4777, 159.8126,  0, 0, 0
L -596.6210, -1269.4777, 159.8126,  -596.7819, -1268.0256, 159.5322,  0, 0, 0
L -596.7819, -1268.0256, 159.5322,  -597.1954, -1264.2931, 158.6194,  0, 0, 0
L -597.1954, -1264.2931, 158.6194,  -597.3723, -1262.6970, 158.2715,  0, 0, 0
L -597.3723, -1262.6970, 158.2715,  -597.8663, -1258.2385, 157.1062,  0, 0, 0
L -597.8663, -1258.2385, 157.1062,  -598.0237, -1256.8164, 156.8215,  0, 0, 0
L -598.0237, -1256.8164, 156.8215,  -598.4666, -1252.8149, 155.8259,  0, 0, 0
L -598.4666, -1252.8149, 155.8259,  -598.6840, -1250.8523, 155.3421,  0, 0, 0
L -598.6840, -1250.8523, 155.3421,  -599.1837, -1233.6667, 149.3624,  0, 0, 0
L -599.1837, -1233.6667, 149.3624,  -599.1653, -1232.2095, 148.9178,  0, 0, 0
L -599.1653, -1232.2095, 148.9178,  -599.5219, -1202.6451, 138.1584,  0, 0, 0
L -599.5219, -1202.6451, 138.1584,  -600.5576, -1201.1382, 138.2440,  0, 0, 0
L -600.5576, -1201.1382, 138.2440,  -603.3611, -1196.8979, 135.3299,  0, 0, 0
L -603.3611, -1196.8979, 135.3299,  -604.1987, -1195.5383, 134.8865,  0, 0, 0
L -604.1987, -1195.5383, 134.8865,  -604.8611, -1193.6956, 134.8035,  0, 0, 0
L -604.8611, -1193.6956, 134.8035,  -604.9860, -1192.2434, 134.3634,  0, 0, 0
L -604.9860, -1192.2434, 134.3634,  -605.4377, -1186.9928, 132.5334,  0, 0, 0
L -605.4377, -1186.9928, 132.5334,  -605.5956, -1185.1581, 131.7887,  0, 0, 0
L -605.5956, -1185.1581, 131.7887,  -606.0632, -1179.7227, 129.7055,  0, 0, 0
L -606.0632, -1179.7227, 129.7055,  -606.2192, -1177.9093, 128.9800,  0, 0, 0
L -606.2192, -1177.9093, 128.9800,  -606.6846, -1172.4988, 126.8780,  0, 0, 0
L -606.6846, -1172.4988, 126.8780,  -606.8432, -1170.6555, 126.1237,  0, 0, 0
L -606.8432, -1170.6555, 126.1237,  -607.3138, -1165.1855, 124.0464,  0, 0, 0
L -607.3138, -1165.1855, 124.0464,  -607.4698, -1163.3721, 123.3209,  0, 0, 0
L -607.4698, -1163.3721, 123.3209,  -607.9429, -1157.8722, 121.1934,  0, 0, 0
L -607.9429, -1157.8722, 121.1934,  -608.1015, -1156.0289, 120.4488,  0, 0, 0
L -608.1015, -1156.0289, 120.4488,  -608.5746, -1150.5292, 118.3210,  0, 0, 0
L -608.5746, -1150.5292, 118.3210,  -608.7220, -1148.6849, 117.5666,  0, 0, 0
L -608.7220, -1148.6849, 117.5666,  -609.2026, -1142.2574, 114.9582,  0, 0, 0
L -609.2026, -1142.2574, 114.9582,  -609.3364, -1140.4420, 114.2232,  0, 0, 0
L -609.3364, -1140.4420, 114.2232,  -609.8101, -1134.0134, 111.3025,  0, 0, 0
L -609.8101, -1134.0134, 111.3025,  -609.9415, -1132.2279, 110.8766,  0, 0, 0
L -609.9415, -1132.2279, 110.8766,  -610.4149, -1125.7993, 107.9104,  0, 0, 0
L -610.4149, -1125.7993, 107.9104,  -610.5507, -1123.9542, 107.3499,  0, 0, 0
L -610.5507, -1123.9542, 107.3499,  -611.0463, -1119.0671, 104.7238,  0, 0, 0
L -611.0463, -1119.0671, 104.7238,  -611.7081, -1117.3970, 104.2716,  0, 0, 0
L -611.7081, -1117.3970, 104.2716,  -612.4725, -1115.5488, 103.1177,  0, 0, 0
L -612.4725, -1115.5488, 103.1177,  -613.5227, -1114.2865, 102.8872,  0, 0, 0
L -613.5227, -1114.2865, 102.8872,  -615.4589, -1112.0603, 102.0827,  0, 0, 0
L -615.4589, -1112.0603, 102.0827,  -616.9559, -1110.7357, 101.8617,  0, 0, 0
L -616.9559, -1110.7357, 101.8617,  -618.8727, -1109.1038, 101.9451,  0, 0, 0
L -618.8727, -1109.1038, 101.9451,  -618.1423, -1107.6959, 101.5340,  0, 0, 0
L -618.1423, -1107.6959, 101.5340,  -617.4406, -1106.3960, 100.7112,  0, 0, 0
L -617.4406, -1106.3960, 100.7112,  -616.4230, -1104.7438, 99.8596,  0, 0, 0
L -616.4230, -1104.7438, 99.8596,  -614.5582, -1101.7565, 98.6657,  0, 0, 0
L -614.5582, -1101.7565, 98.6657,  -613.4877, -1100.2916, 98.0530,  0, 0, 0
L -613.4877, -1100.2916, 98.0530,  -612.2648, -1098.7631, 97.9275,  0, 0, 0
L -612.2648, -1098.7631, 97.9275,  -610.9692, -1097.2058, 97.8106,  0, 0, 0
L -610.9692, -1097.2058, 97.8106,  -610.1121, -1096.0172, 96.7133,  0, 0, 0
L -610.1121, -1096.0172, 96.7133,  -609.6433, -1094.8451, 96.4426,  0, 0, 0
L -609.6433, -1094.8451, 96.4426,  -596.3140, -1061.5256, 84.1658,  0, 0, 0
L -596.3140, -1061.5256, 84.1658,  -595.6353, -1059.8689, 83.7398,  0, 0, 0
L -595.6353, -1059.8689, 83.7398,  -592.1449, -1051.4309, 80.1406,  0, 0, 0
L -592.1449, -1051.4309, 80.1406,  -588.6979, -1043.0076, 77.0019,  0, 0, 0
L -588.6979, -1043.0076, 77.0019,  -586.6909, -1037.9933, 74.9451,  0, 0, 0
L -586.6909, -1037.9933, 74.9451,  -584.3613, -1032.0797, 72.9145,  0, 0, 0
L -584.3613, -1032.0797, 72.9145,  -583.7294, -1030.4047, 72.5184,  0, 0, 0
L -583.7294, -1030.4047, 72.5184,  -580.2619, -1021.0931, 70.3842,  0, 0, 0
L -580.2619, -1021.0931, 70.3842,  -577.8159, -1014.6099, 67.5156,  0, 0, 0
L -577.8159, -1014.6099, 67.5156,  -577.0607, -1012.7869, 66.7041,  0, 0, 0
L -577.0607, -1012.7869, 66.7041,  -572.2188, -1001.1044, 63.7257,  0, 0, 0
L -572.2188, -1001.1044, 63.7257,  -570.9438, -1000.1236, 63.4509,  0, 0, 0
L -570.9438, -1000.1236, 63.4509,  -563.0957, -994.4708, 58.5824,  0, 0, 0
L -563.0957, -994.4708, 58.5824,  -555.3683, -988.6210, 54.8189,  0, 0, 0
L -555.3683, -988.6210, 54.8189,  -547.5555, -982.3829, 51.3457,  0, 0, 0
L -547.5555, -982.3829, 51.3457,  -546.3260, -981.3225, 51.3457,  0, 0, 0
L -546.3260, -981.3225, 51.3457,  -545.2220, -980.3306, 51.3457,  0, 0, 0
L -545.2220, -980.3306, 51.3457,  -544.0005, -979.0336, 51.3457,  0, 0, 0
L -544.0005, -979.0336, 51.3457,  -542.7157, -977.5443, 51.5412,  0, 0, 0
L -542.7157, -977.5443, 51.5412,  -542.1364, -976.8735, 51.7532,  0, 0, 0
L -543.1136, -1003.0428, 51.3902,  -572.9772, -1032.9053, 67.5984,  0, 0, 0
L -572.9772, -1032.9053, 74.2663,  -580.4481, -1052.1646, 77.5101,  0, 0, 0
L -580.4481, -1052.1646, 77.5101,  -581.0303, -1053.6202, 78.0323,  0, 0, 0
L -581.0303, -1053.6202, 78.0323,  -591.3912, -1079.5343, 81.7270,  0, 0, 0
L -591.3912, -1079.5343, 95.5387,  -592.9556, -1105.0472, 98.3200,  0, 0, 0
L -592.9556, -1105.0472, 98.3200,  -593.0584, -1106.7314, 99.1983,  0, 0, 0
L -593.0584, -1106.7314, 99.1983,  -593.5152, -1113.2419, 101.6766,  0, 0, 0
L -593.5152, -1113.2419, 101.6766,  -593.6490, -1114.8540, 102.5045,  0, 0, 0
L -593.6490, -1114.8540, 102.5045,  -594.1180, -1121.2284, 104.9058,  0, 0, 0
L -594.1180, -1121.2284, 104.9058,  -595.4510, -1139.4103, 105.7917,  0, 0, 0
L -594.2641, -1144.1438, 114.5548,  -593.7748, -1146.0957, 115.1808,  0, 0, 0
L -595.4510, -1139.4103, 115.1808,  -567.2698, -1251.8074, 137.0199,  0, 0, 0
L -570.1984, -1241.1429, 155.0357,  -567.5538, -1251.6897, 158.9350,  0, 0, 0
L -567.2698, -1251.8074, 160.1616,  -540.5040, -1262.9089, 161.0827,  0, 0, 0
L -540.5040, -1262.9089, 161.0827,  -531.3433, -1266.8291, 161.4016,  0, 0, 0
L -531.3433, -1266.8291, 161.4016,  -491.1434, -1284.0497, 162.3279,  0, 0, 0
L -491.1434, -1284.0497, 162.1126,  -257.9377, -1278.4834, 158.7804,  0, 0, 0
L -257.9377, -1278.4834, 143.9318,  -262.9822, -1293.1455, 143.9403,  0, 0, 0
L 260.2109, 2097.8538, -19.5721,  153.0567, 2084.5518, -19.5944,  240, 0, 0
L 260.1439, 2097.1560, 11.3991,  260.1439, 2097.1560, 11.3991,  240, 0, 0
L 260.2109, 2097.8538, 11.3991,  259.6805, 2092.3289, 10.3143,  0, 0, 0
L 259.6805, 2092.3289, 10.3143,  259.5365, 2090.8818, 9.9515,  0, 0, 0
L 259.5365, 2090.8818, 9.9515,  259.1010, 2086.4834, 8.8584,  0, 0, 0
L 259.1010, 2086.4834, 8.8584,  258.9548, 2084.9949, 8.4927,  0, 0, 0
L 258.9548, 2084.9949, 8.4927,  258.5137, 2080.5635, 7.3888,  0, 0, 0
L 258.5137, 2080.5635, 7.3888,  258.3664, 2079.1062, 7.0132,  0, 0, 0
L 258.3664, 2079.1062, 7.0132,  257.9225, 2074.7307, 5.8894,  0, 0, 0
L 257.9225, 2074.7307, 5.8894,  257.7734, 2073.2527, 5.5124,  0, 0, 0
L 257.7734, 2073.2527, 5.5124,  257.3826, 2071.3962, 4.9792,  0, 0, 0
L 257.3826, 2071.3962, 4.9792,  255.7686, 2070.7815, 2.9102,  0, 0, 0
L 255.7686, 2070.7815, 2.9102,  253.2595, 2069.9722, -1.7962,  0, 0, 0
L 253.2595, 2069.9722, -1.7962,  251.5561, 2069.9482, -10.3713,  0, 0, 0
L 251.5561, 2069.9482, -10.3713,  249.8146, 2070.1443, -19.5002,  0, 0, 0
L 249.8146, 2070.1443, -19.5002,  248.1784, 2069.1094, -19.4877,  0, 0, 0
L 248.1784, 2069.1094, -19.4877,  246.7112, 2068.3721, -19.4897,  0, 0, 0
L 246.7112, 2068.3721, -19.4897,  57.9679, 1973.3757, -19.4980,  0, 0, 0
L 152.3794, 2070.0671, -19.6489,  153.9871, 2070.9050, -19.6520,  0, 0, 0
L 153.9871, 2070.9050, -19.6520,  153.7101, 2072.8691, -19.6509,  0, 0, 0
L 153.7101, 2072.8691, -19.6509,  154.1020, 2088.2458, -19.6241,  0, 0, 0
L -59.2475, 1999.6394, 89.4309,  -77.2261, 1992.4104, 94.5114,  0, 0, 0
L -70.6064, 1995.0707, 92.9903,  -34.6181, 2009.5415, 82.8140,  0, 0, 0
L -34.6181, 2009.5415, 82.8140,  -33.1802, 2010.0337, 82.3172,  0, 0, 0
L -33.1802, 2010.0337, 82.3172,  -23.9734, 2013.0011, 77.0879,  0, 0, 0
L -23.9734, 2013.0011, 77.0879,  151.6097, 2069.7747, -19.6387,  0, 0, 0
L 151.6097, 2069.7747, -19.6387,  153.0637, 2070.3191, -19.6384,  0, 0, 0
L 153.0637, 2070.3191, -19.6384,  154.4390, 2071.2385, -19.6523,  0, 0, 0
L 137.4251, 2013.3629, -19.4725,  59.2780, 1974.0350, -19.4820,  0, 0, 0
L 59.2780, 1974.0350, -19.4820,  57.8201, 1972.7128, -18.3153,  0, 0, 0
L 57.8201, 1972.7128, -18.3153,  57.8254, 1971.0526, -16.1178,  0, 0, 0
L 57.8254, 1971.0526, -16.1178,  58.2865, 1966.2866, -7.0494,  0, 0, 0
L 58.2865, 1966.2866, -7.0494,  58.8619, 1964.5676, -3.3594,  0, 0, 0
L 58.8619, 1964.5676, -3.3594,  59.5399, 1963.2990, -0.7040,  0, 0, 0
L 59.5399, 1963.2990, -0.7040,  66.0557, 1951.0824, 29.8684,  0, 0, 0
L 66.0557, 1951.0824, 29.8684,  64.6020, 1950.0974, 31.1337,  0, 0, 0
L 64.6020, 1950.0974, 31.1337,  63.2093, 1949.2468, 30.9187,  0, 0, 0
L 63.2093, 1949.2468, 30.9187,  37.7674, 1933.6505, 26.3663,  0, 0, 0
L 37.7674, 1933.6505, 26.3663,  -37.2451, 1887.7180, 12.8730,  0, 0, 0
L -37.2451, 1887.7180, 12.8730,  -38.5584, 1887.1243, 12.3195,  0, 0, 0
L -107.7684, 1855.6389, -19.4980,  -107.9453, 1855.5037, -19.4980,  0, 0, 0
L 227.4259, 2043.2285, 99.4385,  264.3787, 2063.9668, 115.6087,  0, 0, 0
L 264.3787, 2063.9668, 115.6087,  265.3203, 2065.7021, 114.3900,  0, 0, 0
L 265.3203, 2065.7021, 114.3900,  265.3236, 2067.4651, 111.7970,  0, 0, 0
L 265.3236, 2067.4651, 111.7970,  264.8818, 2077.9792, 41.5861,  0, 0, 0
L 264.8818, 2077.9792, 41.5861,  264.7418, 2076.6563, 41.2173,  0, 0, 0
L 264.7418, 2076.6563, 41.2173,  264.3121, 2072.3967, 40.1372,  0, 0, 0
L 264.3121, 2072.3967, 40.1372,  263.2094, 2071.0676, 39.0528,  0, 0, 0
L 263.2094, 2071.0676, 39.0528,  261.3335, 2070.5432, 34.7181,  0, 0, 0
L 261.3335, 2070.5432, 34.7181,  259.4196, 2070.3145, 27.0077,  0, 0, 0
L 259.4196, 2070.3145, 27.0077,  257.4798, 2070.3713, 16.2391,  0, 0, 0
L 257.4798, 2070.3713, 16.2391,  255.6400, 2071.0376, -0.1473,  0, 0, 0
L 255.6400, 2071.0376, -0.1473,  253.7488, 2071.2034, -12.0668,  0, 0, 0
L 253.7488, 2071.2034, -12.0668,  252.2034, 2071.0391, -18.3947,  0, 0, 0
L 252.2034, 2071.0391, -18.3947,  250.6050, 2070.4473, -19.4997,  0, 0, 0
L 250.6050, 2070.4473, -19.4997,  249.1377, 2070.0635, -19.4998,  0, 0, 0
L 249.1377, 2070.0635, -19.4998,  247.4657, 2069.7639, -19.5008,  0, 0, 0
L 247.4657, 2069.7639, -19.5008,  235.9171, 2067.7615, -19.5102,  0, 0, 0
L 235.9171, 2067.7615, -19.5102,  234.2482, 2067.1360, -19.5105,  0, 0, 0
L 234.2482, 2067.1360, -19.5105,  232.6745, 2066.3110, -19.5098,  0, 0, 0
L 232.6745, 2066.3110, -19.5098,  231.2263, 2065.2437, -19.5079,  0, 0, 0
L 231.2263, 2065.2437, -19.5079,  229.8980, 2063.9727, -19.5022,  0, 0, 0
L 229.8980, 2063.9727, -19.5022,  229.4900, 2063.5789, -19.4998,  0, 0, 0
L -90.2890, 1863.8566, -12.2401,  -62.9502, 1876.1932, 0.1665,  0, 0, 0
L -62.9502, 1876.1932, 0.1665,  -36.0958, 1888.3413, 12.8564,  0, 0, 0
L -36.0958, 1888.3413, 12.8564,  -34.6442, 1889.2323, 13.1277,  0, 0, 0
L -34.6442, 1889.2323, 13.1277,  -14.3927, 1901.6503, 16.7714,  0, 0, 0
L 913.3453, 964.7773, 85.7613,  913.6080, 974.5179, 86.9311,  0, 0, 0
L 913.6081, 1022.7372, 85.1755,  914.9082, 1126.5465, 60.7188,  0, 0, 0
L 1053.5673, 922.8668, 12.6270,  1052.4554, 951.0767, 12.6270,  240, 0, 0
L 1043.5764, 951.0734, 12.6270,  1052.4554, 951.0767, 12.6270,  127, 64, 0
L 1053.5673, 922.8668, 12.6270,  1015.3608, 922.8574, 12.6270,  127, 64, 0
L 1015.3608, 982.8597, 12.6270,  1015.3608, 922.8574, 12.6270,  127, 64, 0
L 1043.5763, 1011.0764, 12.6270,  1043.5764, 951.0734, 12.6270,  127, 64, 0
L 1004.1818, 1011.0764, 12.6270,  1043.5763, 1011.0764, 12.6270,  127, 64, 0
L 988.8676, 1022.1072, 12.3070,  1004.1818, 1011.0764, 12.4848,  127, 64, 0
L 892.0215, 1022.1082, 12.2467,  988.8676, 1022.1072, 12.2467,  127, 64, 0
L 898.2310, 1019.8755, 12.2335,  898.2310, 1019.8755, 12.2335,  0, 0, 0
L 892.0215, 973.9325, 11.9754,  892.0215, 1022.1082, 12.0234,  127, 64, 0
L -261.4533, -802.5862, 127.0644,  -222.4856, -802.2420, 127.0643,  0, 0, 0
L -222.4856, -802.2420, 127.0645,  -222.4856, -789.4612, 127.0644,  0, 0, 0
L -261.9228, -813.2880, 127.0644,  -261.9237, -852.5635, 127.0644,  0, 0, 0
L -261.9240, -817.5201, 127.0644,  -261.4533, -802.5862, 127.0644,  0, 0, 0
L -270.6662, -794.2046, 127.0644,  -273.8647, -851.7487, 125.4478,  0, 0, 0
L -270.6662, -794.2046, 127.0644,  -232.5731, -794.2046, 127.0644,  240, 0, 0
L -273.8647, -851.7487, 125.2157,  -277.5081, -852.6123, 124.8992,  0, 0, 0
L -277.5081, -852.6123, 124.8992,  -281.5112, -871.5214, 125.1004,  0, 0, 0
L -281.5112, -871.5214, 125.1234,  -214.8611, -869.8544, 125.8850,  0, 0, 0
L -214.8611, -869.8544, 125.8850,  -87.2305, -890.0469, 139.4951,  0, 0, 0
L -87.2305, -890.0469, 140.5866,  87.2057, -955.7996, 169.5731,  0, 0, 0
L -63.4464, -856.1128, 140.2563,  -111.3209, -860.4263, 135.5790,  0, 0, 0
L -111.3209, -860.4263, 135.5790,  -144.2953, -848.0308, 131.7179,  0, 0, 0
L -144.2953, -848.0308, 131.7179,  -208.1914, -847.9620, 125.8378,  0, 0, 0
L -208.1914, -847.9620, 125.8378,  -261.9237, -852.5635, 124.9806,  0, 0, 0
L -62.0908, -859.1483, 140.2369,  -10.3951, -902.7983, 156.2596,  0, 0, 0
L 10.2253, -903.8240, 160.0469,  10.3365, -918.8522, 159.1037,  0, 0, 0
L 10.3365, -918.8522, 158.4544,  25.4493, -919.0643, 160.0851,  0, 0, 0
L 25.4493, -919.0643, 162.2396,  25.4848, -909.2155, 163.4365,  0, 0, 0
L 10.2253, -903.8240, 160.2366,  -10.3951, -902.7983, 159.3773,  0, 0, 0
L 5.5236, -995.2916, -9.5303,  19.7266, -1071.6587, -11.5855,  240, 0, 0
L 19.7266, -1071.6587, -11.5855,  20.4924, -1102.8323, -11.0589,  240, 0, 0
L 20.4924, -1102.8323, -9.5181,  -8.1319, -1141.4054, -9.4668,  240, 0, 0
L -8.1319, -1141.4054, -11.6329,  -69.1427, -1198.0454, -9.1788,  240, 0, 0
L -69.1427, -1198.0454, -11.1766,  -110.3268, -1224.8016, -10.4160,  240, 0, 0
L -110.3268, -1224.8016, -11.2454,  -130.2300, -1226.0143, -10.8045,  240, 0, 0
L -130.2300, -1226.0143, -8.4321,  -210.1390, -1242.1257, -10.3432,  240, 0, 0
L -210.1390, -1242.1257, -10.0129,  -248.3746, -1243.0399, -10.3296,  240, 0, 0
L -248.3746, -1243.0399, -10.1642,  -348.3975, -1241.7328, -10.6763,  240, 0, 0
L -348.3975, -1241.7328, -11.6353,  -408.1213, -1233.5428, -10.9546,  240, 0, 0
L -408.1213, -1233.5428, -10.4288,  -440.5431, -1231.9011, -11.3953,  240, 0, 0
L -440.5431, -1231.9011, -11.9043,  -477.8499, -1202.0081, -12.0744,  240, 0, 0
L -477.8499, -1202.0081, -12.0330,  -493.5482, -1187.0355, -11.6500,  240, 0, 0
L -493.5482, -1187.0355, -11.1358,  -510.1143, -1175.9464, -11.3698,  240, 0, 0
L -510.1143, -1175.9464, -11.5619,  -549.9473, -1142.3765, -11.1524,  240, 0, 0
L -549.9473, -1142.3765, -11.9990,  -561.2892, -1102.3254, -11.0721,  240, 0, 0
L -561.2892, -1102.3254, -11.1354,  -551.7585, -1043.2183, -10.8296,  240, 0, 0
L -551.7585, -1043.2183, -10.9064,  -540.6499, -1001.0883, -12.7228,  240, 0, 0
L -540.6499, -1001.0883, -10.6871,  -511.5708, -972.7189, -10.2157,  240, 0, 0
L -511.5708, -972.7189, -11.4748,  -475.8101, -968.3008, -10.8886,  240, 0, 0
L -475.8101, -968.3008, -11.6984,  -416.0720, -948.5621, -10.1427,  240, 0, 0
L -416.0720, -948.5621, -11.5709,  -338.3800, -931.0857, -10.3991,  240, 0, 0
L -338.3800, -931.0857, -10.3330,  -315.1703, -927.0502, -9.8515,  240, 0, 0
L -315.1703, -927.0502, -11.3340,  -236.7053, -924.1210, -10.4385,  240, 0, 0
L -236.7053, -924.1210, -10.9904,  -211.9466, -924.4159, -11.2122,  240, 0, 0
L -211.9466, -924.4159, -11.5931,  -142.6618, -935.3699, -11.1431,  240, 0, 0
L -142.6618, -935.3699, -10.9839,  -60.4142, -953.5651, -11.6692,  240, 0, 0
L -60.4142, -953.5651, -10.3157,  5.5236, -995.2916, -9.6270,  240, 0, 0
L 780.6952, -1401.8264, 121.5231,  904.1437, -1401.6943, 158.7358,  0, 0, 0
L 904.1437, -1401.6943, 158.7358,  904.1514, -1399.7681, 156.9600,  0, 0, 0
L 904.1514, -1399.7681, 156.9600,  904.6514, -1270.6415, 67.3106,  0, 0, 0
L 904.6514, -1270.6415, 67.3106,  904.6590, -1268.6537, 68.6264,  0, 0, 0
L 904.6590, -1268.6537, 68.6264,  905.1585, -1140.3430, 113.0742,  0, 0, 0
L 905.1585, -1140.3430, 113.0742,  905.1661, -1138.3882, 112.8202,  0, 0, 0
L 905.1661, -1138.3882, 112.8202,  905.6660, -1009.6915, 77.4610,  0, 0, 0
L 905.6660, -1009.6915, 77.4610,  905.6733, -1007.6936, 76.6875,  0, 0, 0
L 905.6733, -1007.6936, 76.6875,  906.1730, -875.7357, 67.1925,  0, 0, 0
L 906.1730, -875.7357, 67.1925,  906.1806, -873.7361, 67.3939,  0, 0, 0
L 906.1806, -873.7361, 67.3939,  906.6804, -741.7485, 77.4860,  0, 0, 0
L 906.6804, -741.7485, 77.4860,  906.6877, -739.8293, 77.2765,  0, 0, 0
L 906.6877, -739.8293, 77.2765,  907.1876, -611.4242, 86.6317,  0, 0, 0
L 907.1876, -611.4242, 86.6317,  907.1948, -609.5620, 86.9350,  0, 0, 0
L 907.1948, -609.5620, 86.9350,  907.6948, -481.2227, 76.5367,  0, 0, 0
L 907.6948, -481.2227, 76.5367,  907.7025, -479.2591, 76.1816,  0, 0, 0
L 907.7025, -479.2591, 76.1816,  908.2025, -348.1327, 46.1619,  0, 0, 0
L 908.2025, -348.1327, 46.1619,  908.2095, -346.2527, 46.0952,  0, 0, 0
L 908.2095, -346.2527, 46.0952,  908.7095, -214.2394, 60.0437,  0, 0, 0
L 908.7095, -214.2394, 60.0437,  908.7167, -212.3296, 59.9826,  0, 0, 0
L 908.7167, -212.3296, 59.9826,  909.2167, -80.2898, 53.7443,  0, 0, 0
L 909.2167, -80.2898, 53.7443,  909.2240, -78.3240, 53.1603,  0, 0, 0
L 909.2240, -78.3240, 53.1603,  908.7296, 46.5991, 41.1742,  0, 0, 0
L 908.7296, 46.5991, 41.1742,  908.2598, 48.5347, 40.4754,  0, 0, 0
L 908.2598, 48.5347, 40.4754,  906.2990, 56.6071, 37.5648,  0, 0, 0
L 906.2990, 56.6071, 37.5648,  906.5698, 58.4310, 38.0238,  0, 0, 0
L 906.5698, 58.4310, 38.0238,  907.0556, 60.8782, 39.0058,  0, 0, 0
L 907.0556, 60.8782, 39.0058,  907.4204, 62.7146, 39.7552,  0, 0, 0
L 907.4204, 62.7146, 39.7552,  907.9124, 65.1915, 40.7269,  0, 0, 0
L 907.9124, 65.1915, 40.7269,  908.2885, 67.0855, 41.4993,  0, 0, 0
L 908.2885, 67.0855, 41.4993,  908.7747, 69.5332, 42.4827,  0, 0, 0
L 908.7747, 69.5332, 42.4827,  909.1567, 71.4563, 43.2553,  0, 0, 0
L 909.1567, 71.4563, 43.2553,  909.6429, 73.9040, 44.2387,  0, 0, 0
L 909.6429, 73.9040, 44.2387,  909.8077, 75.7294, 44.8170,  0, 0, 0
L 909.8077, 75.7294, 44.8170,  910.3072, 205.4662, 82.3056,  0, 0, 0
L 910.3072, 205.4662, 82.3056,  910.3134, 207.2772, 82.1824,  0, 0, 0
L 910.3134, 207.2772, 82.1824,  910.8129, 335.3254, 90.4684,  0, 0, 0
L 910.8129, 335.3254, 90.4684,  910.8204, 337.2263, 91.1161,  0, 0, 0
L 910.8204, 337.2263, 91.1161,  911.3202, 466.9242, 119.7185,  0, 0, 0
L 911.3202, 466.9242, 119.7185,  911.3274, 468.8056, 120.1535,  0, 0, 0
L 911.3274, 468.8056, 120.1535,  911.8269, 600.7339, 110.6561,  0, 0, 0
L 911.8269, 600.7339, 110.6561,  911.8338, 602.5383, 110.8152,  0, 0, 0
L 911.8338, 602.5383, 110.8152,  912.3336, 733.4178, 133.0313,  0, 0, 0
L 912.3336, 733.4178, 133.0313,  912.3409, 735.2778, 132.0111,  0, 0, 0
L 912.3409, 735.2778, 132.0111,  912.8403, 861.5599, 92.7060,  0, 0, 0
L 912.8403, 861.5599, 92.7060,  912.8474, 863.3709, 92.5719,  0, 0, 0
L 912.8474, 863.3709, 92.5719,  913.3472, 965.2659, 85.8157,  0, 0, 0
L 913.3472, 965.2659, 85.8157,  913.3575, 967.1738, 86.1687,  0, 0, 0
L 913.8468, 1100.0358, 79.4091,  914.2335, 1101.9883, 78.2968,  0, 0, 0
L 914.2335, 1101.9883, 78.2968,  914.7326, 1112.0775, 70.4088,  0, 0, 0
L 914.7326, 1112.0775, 70.4088,  914.7549, 1113.8970, 68.7106,  0, 0, 0
L 914.7549, 1113.8970, 68.7106,  915.2544, 1155.2302, 78.4030,  0, 0, 0
L 915.2544, 1155.2302, 78.4030,  915.2776, 1157.1249, 79.5987,  0, 0, 0
L 915.2776, 1157.1249, 79.5987,  915.7775, 1198.5538, 105.2716,  0, 0, 0
L 915.7775, 1198.5538, 105.2716,  915.8010, 1200.4763, 106.4929,  0, 0, 0
L 915.8010, 1200.4763, 106.4929,  916.2999, 1241.7997, 133.4920,  0, 0, 0
L 916.2999, 1241.7997, 133.4920,  916.3229, 1243.7142, 134.8138,  0, 0, 0
L 916.3229, 1243.7142, 134.8138,  916.8224, 1285.0892, 163.3860,  0, 0, 0
L 916.8224, 1285.0892, 163.3860,  916.8456, 1287.0072, 164.7059,  0, 0, 0
L 916.8456, 1287.0072, 164.7059,  917.3438, 1328.3911, 126.3126,  0, 0, 0
L 917.3438, 1328.3911, 126.3126,  917.3666, 1330.3015, 124.7408,  0, 0, 0
L 917.3666, 1330.3015, 124.7408,  917.8655, 1371.7527, 70.7952,  0, 0, 0
L 917.8655, 1371.7527, 70.7952,  917.8885, 1373.6716, 67.6014,  0, 0, 0
L 917.8885, 1373.6716, 67.6014,  918.3868, 1414.9399, 34.0414,  0, 0, 0
L 918.3868, 1414.9399, 34.0414,  918.4099, 1416.8464, 33.9608,  0, 0, 0
L 918.4099, 1416.8464, 33.9608,  918.9083, 1458.2043, 43.1167,  0, 0, 0
L 918.9083, 1458.2043, 43.1167,  918.9313, 1460.1481, 43.7243,  0, 0, 0
L 918.9313, 1460.1481, 43.7243,  919.4312, 1501.5903, 58.0859,  0, 0, 0
L 919.4312, 1501.5903, 58.0859,  919.4550, 1503.5447, 59.3984,  0, 0, 0
L 919.4550, 1503.5447, 59.3984,  919.9324, 1543.2123, 91.4044,  0, 0, 0
L 919.9324, 1543.2123, 91.4044,  919.4520, 1546.4819, 94.5257,  0, 0, 0
L 919.4520, 1546.4819, 94.5257,  917.4750, 1546.4806, 93.3099,  0, 0, 0
L 917.4750, 1546.4806, 93.3099,  1.8498, 1547.9729, 70.8636,  0, 0, 0
L 1.8498, 1547.9729, 70.8636,  0.1737, 1548.7396, 71.6650,  0, 0, 0
L 0.1737, 1548.7396, 71.6650,  -26.9172, 1561.2159, 79.3216,  0, 0, 0
L -26.9172, 1561.2159, 79.3216,  -28.5028, 1562.3610, 79.9356,  0, 0, 0
L -28.5028, 1562.3610, 79.9356,  -29.8391, 1563.7891, 80.9155,  0, 0, 0
L -29.8391, 1563.7891, 80.9155,  -30.8605, 1565.4230, 82.2045,  0, 0, 0
L -30.8605, 1565.4230, 82.2045,  -31.5614, 1567.2505, 83.7942,  0, 0, 0
L -31.5614, 1567.2505, 83.7942,  -32.0276, 1569.1563, 85.5546,  0, 0, 0
L -32.0276, 1569.1563, 85.5546,  -32.4813, 1571.0657, 87.3272,  0, 0, 0
L -32.4813, 1571.0657, 87.3272,  -32.9692, 1573.1195, 89.2341,  0, 0, 0
L -32.9692, 1573.1195, 89.2341,  -33.4227, 1575.0288, 90.9922,  0, 0, 0
L -33.4227, 1575.0288, 90.9922,  -33.9199, 1577.4414, 91.2532,  0, 0, 0
L -33.9199, 1577.4414, 91.2532,  -33.9997, 1579.3940, 91.3392,  0, 0, 0
L -33.9997, 1579.3940, 91.3392,  -33.5070, 1581.9801, 92.1799,  0, 0, 0
L -33.5070, 1581.9801, 92.1799,  -32.7366, 1583.7463, 93.2807,  0, 0, 0
L -32.7366, 1583.7463, 93.2807,  -31.8142, 1585.4760, 94.5903,  0, 0, 0
L -31.8142, 1585.4760, 94.5903,  -22.3860, 1603.0934, 104.5267,  0, 0, 0
L -22.3860, 1603.0934, 104.5267,  -13.9437, 1618.8696, 105.6817,  0, 0, 0
L -13.9437, 1618.8696, 105.6817,  -14.4139, 1620.7817, 105.2474,  0, 0, 0
L -14.4139, 1620.7817, 105.2474,  -14.9372, 1622.6646, 103.5482,  0, 0, 0
L -14.9372, 1622.6646, 103.5482,  -22.9494, 1651.5126, 87.0195,  0, 0, 0
L -22.9494, 1651.5126, 87.0195,  -69.6464, 1819.5912, 75.5656,  0, 0, 0
L -69.6464, 1819.5912, 75.5656,  -70.1640, 1821.4868, 74.5944,  0, 0, 0
L -70.1640, 1821.4868, 74.5944,  -70.2378, 1821.7537, 74.3369,  0, 0, 0
L -70.2378, 1821.7537, 74.3369,  -78.3203, 1850.8507, 54.2518,  0, 0, 0
L -78.3203, 1850.8507, 54.2518,  -80.9259, 1860.3441, 47.7059,  0, 0, 0
L -80.9259, 1860.3441, 47.7059,  -79.8178, 1861.9492, 50.1640,  0, 0, 0
L -79.8178, 1861.9492, 50.1640,  -78.3317, 1863.0795, 53.7763,  0, 0, 0
L -78.3317, 1863.0795, 53.7763,  -76.4686, 1863.5905, 58.4125,  0, 0, 0
L -76.4686, 1863.5905, 58.4125,  -74.7889, 1864.6213, 62.8592,  0, 0, 0
L -74.7889, 1864.6213, 62.8592,  -71.1445, 1867.0046, 70.2768,  0, 0, 0
L -71.1445, 1867.0046, 70.2768,  -70.4204, 1868.8123, 68.6585,  0, 0, 0
L -70.4204, 1868.8123, 68.6585,  -68.5285, 1873.5171, 2.3451,  0, 0, 0
L -68.5285, 1873.5171, 2.3451,  -66.7884, 1874.4441, -1.4086,  0, 0, 0
L -66.7884, 1874.4441, -1.4086,  -64.9806, 1875.2574, -0.5551,  0, 0, 0
L -36.5377, 1888.0654, 12.8642,  -34.8569, 1889.0966, 13.1686,  0, 0, 0
L 264.9285, 2064.4834, 115.5394,  265.3210, 2066.4360, 113.3247,  0, 0, 0
L -37.0638, 2008.5645, 83.2881,  -38.8221, 2007.8575, 83.7879,  0, 0, 0
L -38.8221, 2007.8575, 83.7879,  -151.1092, 1962.6387, 122.9454,  0, 0, 0
L -151.1092, 1962.6387, 122.9454,  -152.5899, 1961.4846, 123.0417,  0, 0, 0
L -152.5899, 1961.4846, 123.0417,  -299.4910, 1846.8716, 138.7372,  0, 0, 0
L -299.4910, 1846.8716, 138.7372,  -299.5179, 1844.8738, 138.7690,  0, 0, 0
L -299.5179, 1844.8738, 138.7690,  -300.0177, 1807.8018, 139.6280,  0, 0, 0
L -300.0177, 1807.8018, 139.6280,  -300.0424, 1805.9742, 139.6700,  0, 0, 0
L -300.0424, 1805.9742, 139.6700,  -300.5423, 1768.9338, 140.5318,  0, 0, 0
L -300.5423, 1768.9338, 140.5318,  -300.5670, 1767.1063, 140.5742,  0, 0, 0
L -300.5670, 1767.1063, 140.5742,  -301.0654, 1730.1802, 141.4333,  0, 0, 0
L -301.0654, 1730.1802, 141.4333,  -301.0900, 1728.3527, 141.4759,  0, 0, 0
L -301.0900, 1728.3527, 141.4759,  -301.5891, 1691.3684, 142.3363,  0, 0, 0
L -301.5891, 1691.3684, 142.3363,  -301.6139, 1689.5410, 142.3788,  0, 0, 0
L -301.6139, 1689.5410, 142.3788,  -302.1133, 1652.5178, 143.2389,  0, 0, 0
L -302.1133, 1652.5178, 143.2389,  -302.1386, 1650.6608, 143.2833,  0, 0, 0
L -302.1386, 1650.6608, 143.2833,  -302.4612, 1626.7937, 102.6663,  0, 0, 0
L -302.4612, 1626.7937, 102.6663,  -302.9601, 1589.7677, 12.0031,  0, 0, 0
L -302.9601, 1589.7677, 12.0031,  -302.9862, 1587.8639, 12.7151,  0, 0, 0
L -302.9862, 1587.8639, 12.7151,  -302.6082, 1578.8550, 12.1891,  0, 0, 0
L -302.6082, 1578.8550, 12.1891,  -301.9048, 1577.0074, 12.2523,  0, 0, 0
L -301.9048, 1577.0074, 12.2523,  -302.5761, 1574.8328, 12.2321,  0, 0, 0
L -302.5761, 1574.8328, 12.2321,  -303.1795, 1573.0333, 12.4177,  0, 0, 0
L -303.1795, 1573.0333, 12.4177,  -303.2051, 1571.1108, 12.4609,  0, 0, 0
L -303.2051, 1571.1108, 12.4609,  -303.6904, 1547.3328, 13.1099,  0, 0, 0
L -303.6904, 1547.3328, 13.1099,  -304.7142, 1545.7728, 13.3834,  0, 0, 0
L -304.7142, 1545.7728, 13.3834,  -305.8600, 1544.1420, 13.6975,  0, 0, 0
L -305.8600, 1544.1420, 13.6975,  -309.4055, 1539.2543, 14.6820,  0, 0, 0
L -309.4055, 1539.2543, 14.6820,  -310.6355, 1537.8804, 15.0148,  0, 0, 0
L -310.6355, 1537.8804, 15.0148,  -315.4720, 1532.7095, 19.1256,  0, 0, 0
L -315.4720, 1532.7095, 19.1256,  -317.0729, 1531.5798, 20.5435,  0, 0, 0
L -317.0729, 1531.5798, 20.5435,  -318.8347, 1530.7926, 22.0766,  0, 0, 0
L -318.8347, 1530.7926, 22.0766,  -320.5957, 1530.3696, 23.6569,  0, 0, 0
L -320.5957, 1530.3696, 23.6569,  -322.5817, 1530.2758, 25.4359,  0, 0, 0
L -322.5817, 1530.2758, 25.4359,  -324.4596, 1530.5590, 27.0400,  0, 0, 0
L -324.4596, 1530.5590, 27.0400,  -326.3049, 1531.2118, 28.7144,  0, 0, 0
L -326.3049, 1531.2118, 28.7144,  -328.0441, 1532.0520, 30.2310,  0, 0, 0
L -328.0441, 1532.0520, 30.2310,  -354.9501, 1545.1648, 53.6632,  0, 0, 0
L -354.9501, 1545.1648, 53.6632,  -359.2119, 1547.0483, 57.4266,  0, 0, 0
L -359.2119, 1547.0483, 57.4266,  -361.1672, 1547.0472, 59.1586,  0, 0, 0
L -361.1672, 1547.0472, 59.1586,  -788.9375, 1546.8242, 54.7914,  0, 0, 0
L -788.9375, 1546.8242, 54.7914,  -910.6707, 1546.7606, 71.8295,  0, 0, 0
L -920.7258, 1546.7554, 70.9404,  -1425.2056, 1546.4839, 85.7609,  0, 0, 0
L -1425.2056, 1546.4839, 85.7609,  -1425.7053, 1419.4133, 119.6253,  0, 0, 0
L -1425.7053, 1419.4133, 119.6253,  -1425.7129, 1417.4952, 121.7455,  0, 0, 0
L -1425.7129, 1417.4952, 121.7455,  -1426.2125, 1290.4789, 13.4125,  0, 0, 0
L -1426.2125, 1290.4789, 13.4125,  -1426.2207, 1288.4935, 12.6330,  0, 0, 0
L -1426.2207, 1288.4935, 12.6330,  -1426.7205, 1156.6776, 45.7364,  0, 0, 0
L -1426.7205, 1156.6776, 45.7364,  -1426.7277, 1154.7853, 47.5681,  0, 0, 0
L -1426.7277, 1154.7853, 47.5681,  -1427.2272, 1022.7509, 55.0400,  0, 0, 0
L -1427.2272, 1022.7509, 55.0400,  -1427.2343, 1020.7765, 53.5407,  0, 0, 0
L -1427.2343, 1020.7765, 53.5407,  -1427.7341, 888.8727, 18.3509,  0, 0, 0
L -1427.7341, 888.8727, 18.3509,  -1427.7412, 886.9969, 17.4170,  0, 0, 0
L -1427.7412, 886.9969, 17.4170,  -1428.2407, 755.0707, 20.5171,  0, 0, 0
L -1428.2407, 755.0707, 20.5171,  -1428.2485, 753.0907, 19.8615,  0, 0, 0
L -1428.2485, 753.0907, 19.8615,  -1428.7484, 623.5421, 113.0355,  0, 0, 0
L -1428.7484, 623.5421, 113.0355,  -1428.7559, 621.6062, 116.0640,  0, 0, 0
L -1428.7559, 621.6062, 116.0640,  -1429.2557, 493.2601, 131.7241,  0, 0, 0
L -1429.2557, 493.2601, 131.7241,  -1429.2631, 491.3870, 132.6282,  0, 0, 0
L -1429.2631, 491.3870, 132.6282,  -1429.7629, 361.4036, 144.7511,  0, 0, 0
L -1429.7629, 361.4036, 144.7511,  -1429.7705, 359.4650, 145.1276,  0, 0, 0
L -1429.7705, 359.4650, 145.1276,  -1430.2695, 227.4379, 90.1787,  0, 0, 0
L -1430.2695, 227.4379, 90.1787,  -1430.2767, 225.6363, 88.8573,  0, 0, 0
L -1430.2767, 225.6363, 88.8573,  -1430.7764, 94.9117, 35.7963,  0, 0, 0
L -1430.7764, 94.9117, 35.7963,  -1430.7838, 93.0091, 37.1338,  0, 0, 0
L -1430.7838, 93.0091, 37.1338,  -1431.2831, -35.2345, 80.9343,  0, 0, 0
L -1431.2831, -35.2345, 80.9343,  -1431.2908, -37.2168, 80.0250,  0, 0, 0
L -1431.2908, -37.2168, 80.0250,  -1431.7905, -165.6256, 103.9278,  0, 0, 0
L -1431.7905, -165.6256, 103.9278,  -1431.7981, -167.6218, 105.6375,  0, 0, 0
L -1431.7981, -167.6218, 105.6375,  -1432.2981, -299.6841, 72.0368,  0, 0, 0
L -1432.2981, -299.6841, 72.0368,  -1432.3047, -301.5121, 71.2888,  0, 0, 0
L -1432.3047, -301.5121, 71.2888,  -1432.8043, -433.3640, 47.5975,  0, 0, 0
L -1432.8043, -433.3640, 47.5975,  -1432.8115, -435.1664, 47.8314,  0, 0, 0
L -1432.8115, -435.1664, 47.8314,  -1433.3109, -563.8057, 68.0718,  0, 0, 0
L -1433.3109, -563.8057, 68.0718,  -1433.3184, -565.6592, 67.8879,  0, 0, 0
L -1433.3184, -565.6592, 67.8879,  -1433.8184, -694.0845, 75.3411,  0, 0, 0
L -1433.8184, -694.0845, 75.3411,  -1433.8258, -695.9730, 76.0242,  0, 0, 0
L -1433.8258, -695.9730, 76.0242,  -1434.3254, -826.7476, 99.6780,  0, 0, 0
L -1434.3254, -826.7476, 99.6780,  -1434.3328, -828.6965, 100.4904,  0, 0, 0
L -1434.3328, -828.6965, 100.4904,  -1434.8325, -960.8497, 144.0605,  0, 0, 0
L -1434.8325, -960.8497, 144.0605,  -1434.8401, -962.8116, 150.5126,  0, 0, 0
L -1434.8401, -962.8116, 150.5126,  -1435.3401, -1092.7161, 158.7243,  0, 0, 0
L -1435.3401, -1092.7161, 158.7243,  -1435.3475, -1094.6204, 158.7341,  0, 0, 0
L -1435.3475, -1094.6204, 158.7341,  -1435.8470, -1222.9200, 162.0991,  0, 0, 0
L -1435.8470, -1222.9200, 162.0991,  -1435.8550, -1224.9104, 162.1533,  0, 0, 0
L -1435.8550, -1224.9104, 162.1533,  -1436.3547, -1353.4934, 165.1246,  0, 0, 0
L -1436.3547, -1353.4934, 165.1246,  -1436.3625, -1355.4857, 166.3963,  0, 0, 0
L -1436.3625, -1355.4857, 166.3963,  -1436.5424, -1401.8269, 195.9960,  0, 0, 0
L -1436.5424, -1401.8269, 195.9960,  -1115.9130, -1401.4308, 161.6519,  0, 0, 0
L -1115.9130, -1401.4308, 161.6519,  -1115.0659, -1400.5035, 160.6869,  0, 0, 0
L -1115.0659, -1400.5035, 160.5996,  -1115.6641, -1398.4940, 159.3260,  0, 0, 0
L -1115.6641, -1398.4940, 159.3260,  -1115.4335, -1396.5907, 157.7341,  0, 0, 0
L -1115.4335, -1396.5907, 157.7341,  -1114.9545, -1394.1829, 155.3141,  0, 0, 0
L -1114.9545, -1394.1829, 155.3141,  -1114.5653, -1392.2313, 154.6347,  0, 0, 0
L -1114.5653, -1392.2313, 154.6347,  -1114.0840, -1389.8278, 150.9054,  0, 0, 0
L -1114.0840, -1389.8278, 150.9054,  -1113.7008, -1387.9063, 150.4497,  0, 0, 0
L -1113.7008, -1387.9063, 150.4497,  -1113.2300, -1385.5460, 148.7917,  0, 0, 0
L -1113.2300, -1385.5460, 148.7917,  -1111.2656, -1385.5796, 147.0370,  0, 0, 0
L -1111.2656, -1385.5796, 147.0370,  -1111.8684, -1387.4811, 148.6973,  0, 0, 0
L -1111.8684, -1387.4811, 148.6973,  -1109.9808, -1387.5730, 149.3770,  0, 0, 0
L -1109.9808, -1387.5730, 149.3770,  -1108.0566, -1387.9552, 150.7143,  0, 0, 0
L -1108.0566, -1387.9552, 150.7143,  -1106.0900, -1388.1284, 151.9036,  0, 0, 0
L -1106.0900, -1388.1284, 151.9036,  -1073.6011, -1391.0408, 171.5441,  0, 0, 0
L -1073.6011, -1391.0408, 171.5441,  -1071.9375, -1391.9167, 173.1169,  0, 0, 0
L -1071.9375, -1391.9167, 173.1169,  -1070.3550, -1392.8625, 174.8343,  0, 0, 0
L -1070.3550, -1392.8625, 174.8343,  -1055.1077, -1401.8269, 187.5634,  0, 0, 0
L -1055.1077, -1401.8269, 187.5634,  -1053.1600, -1401.8262, 187.9967,  0, 0, 0
L -1053.1600, -1401.8262, 187.9967,  -720.6005, -1401.4017, 232.4932,  0, 0, 0
L -720.6005, -1401.4017, 232.4932,  -718.8595, -1400.5593, 232.2460,  0, 0, 0
L -718.8595, -1400.5593, 232.2460,  -700.3102, -1391.6084, 228.5687,  0, 0, 0
L -700.3102, -1391.6084, 228.5687,  -698.3392, -1391.8232, 228.6913,  0, 0, 0
L -698.3392, -1391.8232, 228.6913,  -688.5061, -1393.1483, 229.4945,  0, 0, 0
L -688.5061, -1393.1483, 229.4945,  -623.6713, -1401.8268, 263.7151,  0, 0, 0
L -623.6713, -1401.8268, 263.7151,  -621.7595, -1401.8265, 264.9996,  0, 0, 0
L -621.7595, -1401.8265, 264.9996,  -407.5351, -1401.5983, 286.8249,  0, 0, 0
L -407.5351, -1401.5983, 286.8249,  -405.7116, -1400.8418, 284.9675,  0, 0, 0
L -405.7116, -1400.8418, 284.9675,  -403.4583, -1400.0221, 281.3036,  0, 0, 0
L -403.4583, -1400.0221, 281.3036,  -401.6056, -1399.6191, 279.0835,  0, 0, 0
L -401.6056, -1399.6191, 279.0835,  -399.7006, -1399.5103, 276.2523,  0, 0, 0
L -399.7006, -1399.5103, 276.2523,  -397.7904, -1399.7615, 275.3753,  0, 0, 0
L -397.7904, -1399.7615, 275.3753,  -381.0288, -1401.8260, 277.6445,  0, 0, 0
L -381.0288, -1401.8260, 277.6445,  -379.0972, -1401.8264, 277.6441,  0, 0, 0
L -379.0972, -1401.8264, 277.6441,  825.1571, -1401.8267, 120.3249,  0, 0, 0
L 830.4535, 949.3094, -0.7483,  884.4531, 989.8496, 19.1859,  127, 64, 0
L 884.4531, 989.8496, 19.1859,  896.9512, 973.9305, 19.2793,  127, 64, 0
L 910.3747, 973.9249, 19.2793,  892.0215, 973.9325, 18.9014,  127, 64, 0
L 893.5707, 973.9319, 18.0672,  893.3446, 964.9588, 17.0344,  127, 64, 0
L 893.3446, 964.9588, 15.5092,  867.6802, 945.4299, 11.4055,  127, 64, 0
L 867.6802, 945.4299, 0.2003,  830.4535, 949.3094, -1.2187,  127, 64, 0
L 910.3747, 973.9249, 12.1116,  988.9166, 973.9261, 11.9711,  127, 64, 0
L 988.9166, 973.9261, 12.2663,  1004.2247, 982.8629, 12.4567,  127, 64, 0
L 1004.2247, 982.8629, 12.6270,  1015.3608, 982.8597, 12.6270,  127, 64, 0
L -1362.2058, -1026.2198, 123.2086,  -1369.3351, -1021.5752, 126.0183,  0, 0, 0
L -1349.2755, -1001.3261, 122.1487,  -1340.6332, -997.6212, 121.8321,  0, 0, 0
L -1354.7671, -998.6231, 122.4394,  -1347.2977, -1004.7327, 122.3659,  0, 0, 0
L -1369.3351, -1021.5752, 123.3752,  -1354.7671, -998.6231, 123.0930,  0, 0, 0
L -1347.2977, -1004.7327, 122.5902,  -1362.2058, -1026.2198, 123.0216,  0, 0, 0
L -1349.2755, -1001.3261, 122.0766,  -1345.4054, -1010.7631, 122.0065,  0, 0, 0
L -1336.8745, -1007.0137, 121.4527,  -1345.4054, -1010.7631, 121.8394,  0, 0, 0
L -1340.6332, -997.6212, 121.4529,  -1336.8745, -1007.0137, 121.3648,  0, 0, 0
L -1366.4199, -1000.9625, 123.2855,  -1357.1830, -1002.3456, 123.0471,  0, 0, 0
L -1355.7690, -993.0844, 122.5224,  -1357.1830, -1002.3456, 122.6888,  0, 0, 0
L -1365.0575, -991.7228, 122.6564,  -1355.7690, -993.0844, 122.4467,  0, 0, 0
L -1365.9872, -998.0277, 123.3102,  -1366.1707, -999.2829, 123.3827,  0, 0, 0
L -1365.0575, -991.7228, 123.1190,  -1366.4199, -1000.9625, 123.3102,  0, 0, 0
L -1384.0634, -964.7374, 122.7148,  -1385.5548, -974.6929, 123.1089,  0, 0, 0
L -1376.3243, -975.9495, 124.4784,  -1385.5548, -974.6929, 124.3453,  0, 0, 0
L -1375.9764, -973.6161, 122.9187,  -1376.0292, -973.9814, 122.9456,  0, 0, 0
L -1374.8351, -965.9636, 122.7327,  -1376.3243, -975.9495, 122.9187,  0, 0, 0
L -1374.8351, -965.9636, 122.2741,  -1384.0634, -964.7374, 122.1203,  0, 0, 0
L -1381.4755, -952.3911, 120.4036,  -1373.1204, -953.6395, 120.5806,  0, 0, 0
L -1388.6274, -945.4264, 119.4139,  -1380.4161, -950.7584, 119.7574,  0, 0, 0
L -1403.6788, -968.6258, 121.6019,  -1388.6274, -945.4264, 119.3454,  0, 0, 0
L -1395.4646, -973.9560, 122.8148,  -1403.6788, -968.6258, 122.8142,  0, 0, 0
L -1380.4161, -950.7584, 120.9816,  -1395.4646, -973.9560, 121.6179,  0, 0, 0
L -1382.9712, -955.6249, 120.7721,  -1382.9336, -955.3704, 120.7123,  0, 0, 0
L -1383.8348, -961.5848, 121.2395,  -1382.7980, -954.4299, 120.7721,  0, 0, 0
L -1374.5360, -962.9549, 121.8760,  -1383.8348, -961.5848, 121.7255,  0, 0, 0
L -1373.1204, -953.6395, 121.3328,  -1374.5360, -962.9549, 121.7131,  0, 0, 0
L -1347.7001, -934.8466, 118.5651,  -1348.1893, -938.0682, 118.7919,  0, 0, 0
L -1348.1893, -938.0682, 118.8228,  -1357.6260, -936.6771, 118.6736,  0, 0, 0
L -1356.2502, -927.1985, 117.7998,  -1357.6260, -936.6771, 118.2325,  0, 0, 0
L -1346.7333, -928.6232, 117.5298,  -1356.2502, -927.1985, 117.3455,  0, 0, 0
L -1331.4044, -933.5378, 117.6776,  -1331.3470, -933.1601, 117.6419,  0, 0, 0
L -1332.4292, -940.3870, 117.8537,  -1331.4044, -933.5378, 117.6776,  0, 0, 0
L -1341.8807, -938.9749, 118.4157,  -1332.4292, -940.3870, 118.2191,  0, 0, 0
L -1340.7214, -931.0836, 118.2454,  -1340.4944, -929.5239, 117.9862,  0, 0, 0
L -1341.8807, -938.9749, 118.4460,  -1340.7214, -931.0836, 118.2454,  0, 0, 0
L -1346.7333, -928.6232, 118.2782,  -1347.8101, -935.5941, 118.6735,  0, 0, 0
L -1331.0107, -930.8995, 117.7568,  -1340.4944, -929.5239, 118.0049,  0, 0, 0
L -1331.3506, -933.1871, 117.6445,  -1331.3459, -933.1592, 117.6417,  0, 0, 0
L -1331.8505, -936.5521, 117.8400,  -1331.0107, -930.8995, 117.6445,  0, 0, 0
L -1339.6489, -968.3320, 119.9058,  -1341.8656, -979.5417, 120.1179,  0, 0, 0
L -1339.3096, -966.6201, 119.8159,  -1339.6489, -968.3320, 119.9058,  0, 0, 0
L -1338.3896, -961.9895, 119.6667,  -1339.3096, -966.6201, 119.8159,  0, 0, 0
L -1358.2181, -959.4186, 120.6562,  -1338.3896, -961.9895, 119.6553,  0, 0, 0
L -1358.8235, -962.9734, 121.0397,  -1358.7445, -962.1221, 121.0830,  0, 0, 0
L -1359.1476, -964.8769, 121.1744,  -1358.2181, -959.4186, 121.0397,  0, 0, 0
L -1361.3029, -976.2980, 121.4017,  -1359.1476, -964.8769, 121.1744,  0, 0, 0
L -1341.8656, -979.5417, 120.9415,  -1361.3029, -976.2980, 121.5870,  0, 0, 0
L -1323.4248, -982.0645, 119.3601,  -1323.0520, -979.5113, 119.1933,  0, 0, 0
L -1319.6421, -987.2411, 119.2884,  -1322.7374, -986.7795, 119.5104,  0, 0, 0
L -1314.2695, -985.2727, 118.7915,  -1314.3931, -986.1130, 118.8437,  0, 0, 0
L -1313.2699, -978.5400, 118.6092,  -1314.2695, -985.2727, 118.7915,  0, 0, 0
L -1311.9636, -969.5156, 117.8770,  -1312.0438, -970.0630, 117.9083,  0, 0, 0
L -1310.9626, -962.7827, 117.6812,  -1312.3724, -972.2661, 117.8770,  0, 0, 0
L -1320.4463, -961.3993, 117.9553,  -1310.9626, -962.7827, 117.6309,  0, 0, 0
L -1320.9335, -964.7502, 118.3655,  -1320.8416, -964.1279, 118.2999,  0, 0, 0
L -1321.8210, -970.8556, 118.5499,  -1320.4463, -961.3993, 118.3655,  0, 0, 0
L -1312.3724, -972.2661, 118.3947,  -1321.8210, -970.8556, 118.6207,  0, 0, 0
L -1314.3572, -985.8596, 118.8283,  -1314.4260, -986.3243, 118.8543,  0, 0, 0
L -1313.8761, -982.6143, 118.6460,  -1314.6713, -987.9791, 118.8283,  0, 0, 0
L -1322.7100, -977.1685, 118.8200,  -1313.2699, -978.5400, 118.5649,  0, 0, 0
L -1322.9020, -978.4846, 119.1512,  -1322.8489, -978.1214, 119.1164,  0, 0, 0
L -1324.0825, -986.5799, 119.3442,  -1322.7100, -977.1685, 119.1512,  0, 0, 0
L -1316.9614, -987.6393, 119.1092,  -1324.0825, -986.5799, 119.4657,  0, 0, 0
L -1319.3348, -987.2844, 119.2850,  -1314.6713, -987.9791, 119.0769,  0, 0, 0
