P -1351.2450, -969.7808, 147.1276,  240, 0, 0,  3,  Druid_Rings
P -1369.1602, -981.9462, 122.7982,  0, 127, 0,  2,  Tisiana_(Merchant)
P -268.8709, -825.9759, 127.0644,  240, 0, 0,  3,  SolEye
P -527.7079, -776.3414, 184.6617,  127, 0, 0,  1,  Fire_goblin_camp
P 645.6814, -1272.0310, 47.5534,  127, 0, 0,  1,  Firescale_crocodile
P 1041.5704, 934.8294, 12.6270,  240, 0, 0,  3,  Najena
P -731.2335, 930.4330, 118.5972,  127, 0, 0,  1,  Shadowed_man
P -280.0215, 1518.3403, 7.7451,  0, 127, 0,  1,  Ruathey
P -928.7889, 407.3281, -0.5390,  0, 127, 0,  1,  Cyspeth_Romtai_(Merchant)
P -922.5554, 372.6449, -3.2828,  0, 127, 0,  1,  Jenah_Wheelspinner_(Merchant)
P -950.2135, 359.1778, -0.1699,  0, 127, 0,  1,  Jengo_Smirt_(Merchant)
P -330.7750, -1360.6414, 145.6894,  240, 0, 0,  3,  Temple_of_Solusek_Ro
P -483.7505, -917.5046, 51.6895,  240, 0, 0,  3,  Sol_B_(Nagafen's_Lair)
P 216.9603, 2098.6821, -19.5544,  240, 0, 0,  3,  The_Nektulos_Forest
